179,21	3,41
179,43	3,41
179,64	3,41
179,86	-23,89
180,07	55,30
180,29	24,58
180,50	20,48
180,72	32,77
180,93	78,51
181,15	122,88
181,37	63,49
181,58	86,01
181,80	-3,41
182,01	-17,07
182,23	80,55
182,44	-4,78
182,66	34,82
182,87	37,55
183,09	60,76
183,30	167,93
183,52	34,82
183,73	26,62
183,95	92,16
184,16	15,02
184,38	91,48
184,60	51,88
184,81	138,58
185,03	93,52
185,24	108,54
185,46	129,70
185,67	56,66
185,89	42,32
186,10	66,90
186,32	-11,61
186,53	31,40
186,75	110,59
186,96	68,27
187,18	45,06
187,39	92,16
187,61	45,74
187,82	114,69
188,04	94,21
188,25	86,01
188,47	19,11
188,68	10,92
188,90	132,44
189,11	91,48
189,33	165,20
189,54	142,68
189,76	42,32
189,97	85,33
190,19	77,82
190,40	117,42
190,62	71,00
190,83	50,52
191,05	93,52
191,26	111,96
191,48	-27,99
191,69	77,14
191,91	6,14
192,12	55,30
192,34	33,45
192,55	103,76
192,77	75,09
192,98	83,28
193,20	77,82
193,41	51,88
193,63	79,19
193,84	67,58
194,06	101,72
194,27	71,00
194,49	-35,50
194,70	93,52
194,92	55,98
195,13	34,82
195,35	137,21
195,56	110,59
195,78	136,53
195,99	86,70
196,21	69,63
196,42	186,37
196,64	59,39
196,85	8,87
197,07	83,28
197,28	-10,92
197,50	141,99
197,71	42,32
197,93	71,00
198,14	119,46
198,36	97,62
198,57	126,29
198,79	116,05
199,00	67,58
199,21	73,73
199,43	68,27
199,64	120,15
199,86	32,08
200,07	79,87
200,29	38,91
200,50	105,13
200,72	47,79
200,93	23,89
201,15	66,22
201,36	86,70
201,58	1,37
201,79	98,99
202,01	51,20
202,22	-21,85
202,43	65,54
202,65	137,21
202,86	30,04
203,08	44,37
203,29	95,57
203,51	129,02
203,72	112,64
203,94	145,41
204,15	-16,38
204,37	73,04
204,58	99,67
204,80	5,46
205,01	58,03
205,22	21,85
205,44	148,82
205,65	28,67
205,87	35,50
206,08	27,99
206,30	22,53
206,51	85,33
206,73	66,22
206,94	51,20
207,15	104,45
207,37	73,04
207,58	51,88
207,80	112,64
208,01	154,28
208,23	51,88
208,44	82,60
208,66	124,93
208,87	88,06
209,08	127,66
209,30	25,26
209,51	40,28
209,73	55,98
209,94	10,92
210,16	-16,38
210,37	92,16
210,58	107,86
210,80	82,60
211,01	23,21
211,23	92,16
211,44	41,64
211,66	76,46
211,87	43,69
212,08	40,96
212,30	69,63
212,51	115,37
212,73	81,24
212,94	116,05
213,16	137,21
213,37	54,61
213,58	67,58
213,80	67,58
214,01	33,45
214,23	58,71
214,44	62,80
214,65	77,82
214,87	57,34
215,08	34,13
215,30	88,75
215,51	71,00
215,73	83,28
215,94	63,49
216,15	126,97
216,37	97,62
216,58	57,34
216,80	124,93
217,01	35,50
217,22	42,32
217,44	29,35
217,65	6,83
217,87	77,82
218,08	66,22
218,29	43,01
218,51	17,07
218,72	53,93
218,94	21,85
219,15	72,36
219,36	37,55
219,58	-7,51
219,79	70,31
220,01	61,44
220,22	76,46
220,43	34,13
220,65	107,18
220,86	47,10
221,08	80,55
221,29	82,60
221,50	80,55
221,72	23,21
221,93	121,51
222,14	49,83
222,36	60,07
222,57	130,39
222,79	92,84
223,00	48,47
223,21	59,39
223,43	145,41
223,64	45,06
223,86	121,51
224,07	105,13
224,28	131,75
224,50	94,21
224,71	-15,02
224,92	34,13
225,14	99,67
225,35	51,20
225,57	7,51
225,78	75,09
225,99	88,75
226,21	37,55
226,42	113,32
226,63	84,65
226,85	61,44
227,06	59,39
227,27	136,53
227,49	66,22
227,70	19,11
227,92	26,62
228,13	27,31
228,34	117,42
228,56	81,24
228,77	97,62
228,98	138,58
229,20	15,70
229,41	73,73
229,62	32,77
229,84	139,26
230,05	55,30
230,27	83,97
230,48	71,68
230,69	38,91
230,91	-1,37
231,12	-31,40
231,33	91,48
231,55	80,55
231,76	45,06
231,97	103,08
232,19	86,01
232,40	129,70
232,61	90,79
232,83	136,53
233,04	69,63
233,25	38,23
233,47	58,71
233,68	116,05
233,89	122,20
234,11	55,30
234,32	75,09
234,53	43,01
234,75	-11,61
234,96	21,16
235,17	31,40
235,39	92,84
235,60	14,34
235,81	105,13
236,03	103,08
236,24	23,89
236,45	105,81
236,67	133,80
236,88	51,20
237,09	88,75
237,31	50,52
237,52	61,44
237,73	85,33
237,95	111,27
238,16	24,58
238,37	73,73
238,59	132,44
238,80	112,64
239,01	141,99
239,23	121,51
239,44	62,12
239,65	86,70
239,87	108,54
240,08	10,92
240,29	53,25
240,51	51,88
240,72	108,54
240,93	33,45
241,14	101,03
241,36	150,87
241,57	56,66
241,78	56,66
242,00	74,41
242,21	74,41
242,42	124,24
242,64	128,34
242,85	63,49
243,06	112,64
243,28	117,42
243,49	1,37
243,70	75,77
243,91	86,01
244,13	43,01
244,34	66,90
244,55	27,31
244,77	101,72
244,98	103,08
245,19	101,03
245,41	88,06
245,62	-2,05
245,83	159,06
246,04	98,99
246,26	137,21
246,47	93,52
246,68	111,27
246,90	34,82
247,11	39,59
247,32	103,08
247,53	118,10
247,75	66,90
247,96	126,29
248,17	109,22
248,39	26,62
248,60	49,83
248,81	67,58
249,02	81,92
249,24	94,21
249,45	64,17
249,66	120,15
249,87	101,03
250,09	-13,65
250,30	42,32
250,51	94,89
250,73	55,30
250,94	53,93
251,15	161,79
251,36	45,74
251,58	76,46
251,79	80,55
252,00	119,46
252,21	20,48
252,43	96,94
252,64	30,04
252,85	114,69
253,07	-19,80
253,28	49,15
253,49	82,60
253,70	60,76
253,92	111,96
254,13	96,94
254,34	94,21
254,55	125,61
254,77	39,59
254,98	38,23
255,19	87,38
255,40	79,87
255,62	81,92
255,83	50,52
256,04	126,29
256,25	25,94
256,47	51,20
256,68	99,67
256,89	107,18
257,10	39,59
257,32	199,34
257,53	137,90
257,74	36,18
257,95	88,06
258,17	116,05
258,38	49,83
258,59	75,09
258,80	142,68
259,02	96,94
259,23	79,19
259,44	88,06
259,65	81,92
259,86	114,00
260,08	132,44
260,29	96,94
260,50	115,37
260,71	94,21
260,93	115,37
261,14	75,77
261,35	154,28
261,56	59,39
261,78	39,59
261,99	-0,68
262,20	85,33
262,41	19,11
262,62	45,06
262,84	52,56
263,05	86,01
263,26	71,00
263,47	81,92
263,69	75,77
263,90	94,89
264,11	141,99
264,32	91,48
264,53	78,51
264,75	39,59
264,96	49,83
265,17	69,63
265,38	75,09
265,59	90,11
265,81	28,67
266,02	120,83
266,23	71,68
266,44	93,52
266,66	94,89
266,87	27,99
267,08	78,51
267,29	90,79
267,50	56,66
267,72	73,73
267,93	99,67
268,14	33,45
268,35	145,41
268,56	131,07
268,78	71,68
268,99	135,17
269,20	80,55
269,41	100,35
269,62	67,58
269,84	66,90
270,05	57,34
270,26	104,45
270,47	53,25
270,68	51,20
270,89	13,65
271,11	47,10
271,32	127,66
271,53	89,43
271,74	149,50
271,95	85,33
272,17	77,14
272,38	54,61
272,59	83,28
272,80	95,57
273,01	79,19
273,22	86,70
273,44	77,14
273,65	111,96
273,86	84,65
274,07	90,11
274,28	99,67
274,50	128,34
274,71	79,19
274,92	81,24
275,13	118,78
275,34	106,49
275,55	207,53
275,77	139,26
275,98	89,43
276,19	108,54
276,40	113,32
276,61	148,14
276,82	75,09
277,04	49,15
277,25	91,48
277,46	46,42
277,67	121,51
277,88	119,46
278,09	123,56
278,31	124,93
278,52	63,49
278,73	7,51
278,94	97,62
279,15	114,69
279,36	141,31
279,57	165,89
279,79	60,76
280,00	77,82
280,21	67,58
280,42	34,13
280,63	125,61
280,84	38,91
281,05	96,94
281,27	85,33
281,48	138,58
281,69	34,13
281,90	148,82
282,11	64,85
282,32	79,87
282,53	85,33
282,75	139,94
282,96	120,15
283,17	118,78
283,38	157,01
283,59	75,09
283,80	70,31
284,01	37,55
284,23	116,05
284,44	72,36
284,65	73,04
284,86	51,88
285,07	4,10
285,28	128,34
285,49	75,77
285,70	124,24
285,92	140,63
286,13	82,60
286,34	71,68
286,55	111,27
286,76	116,05
286,97	150,87
287,18	42,32
287,39	23,89
287,61	119,46
287,82	106,49
288,03	91,48
288,24	134,48
288,45	-30,72
288,66	114,00
288,87	152,23
289,08	100,35
289,29	85,33
289,51	-18,43
289,72	51,20
289,93	178,86
290,14	71,00
290,35	101,03
290,56	111,96
290,77	103,08
290,98	140,63
291,19	143,36
291,40	97,62
291,62	89,43
291,83	122,88
292,04	-30,72
292,25	107,18
292,46	47,79
292,67	134,48
292,88	153,60
293,09	54,61
293,30	128,34
293,51	138,58
293,73	140,63
293,94	91,48
294,15	120,83
294,36	102,40
294,57	33,45
294,78	42,32
294,99	81,92
295,20	86,01
295,41	52,56
295,62	60,76
295,83	224,59
296,04	126,97
296,26	34,82
296,47	51,88
296,68	148,82
296,89	12,97
297,10	180,90
297,31	149,50
297,52	116,73
297,73	54,61
297,94	161,79
298,15	166,57
298,36	25,94
298,57	109,23
298,78	101,72
298,99	56,66
299,21	154,96
299,42	32,77
299,63	66,22
299,84	77,14
300,05	89,43
300,26	90,79
300,47	141,99
300,68	139,26
300,89	93,52
301,10	91,48
301,31	101,03
301,52	91,48
301,73	118,10
301,94	118,10
302,15	133,80
302,36	42,32
302,57	60,07
302,79	91,48
303,00	64,17
303,21	54,61
303,42	46,42
303,63	121,51
303,84	123,56
304,05	71,68
304,26	39,59
304,47	114,69
304,68	86,01
304,89	47,10
305,10	68,95
305,31	79,87
305,52	165,20
305,73	81,92
305,94	145,41
306,15	120,15
306,36	106,49
306,57	169,30
306,78	67,58
306,99	178,86
307,20	112,64
307,41	85,33
307,62	67,58
307,83	77,82
308,04	88,06
308,25	152,23
308,46	129,02
308,68	111,27
308,89	84,65
309,10	136,53
309,31	188,41
309,52	202,07
309,73	114,00
309,94	140,63
310,15	158,38
310,36	86,70
310,57	83,97
310,78	146,77
310,99	73,04
311,20	76,46
311,41	58,71
311,62	132,44
311,83	139,26
312,04	169,30
312,25	64,85
312,46	158,38
312,67	105,13
312,88	103,76
313,09	137,90
313,30	90,79
313,51	60,07
313,72	161,79
313,93	123,56
314,14	75,09
314,35	82,60
314,56	148,14
314,77	174,76
314,98	61,44
315,19	73,04
315,40	98,30
315,61	77,14
315,82	105,13
316,03	135,17
316,24	176,81
316,45	87,38
316,66	102,40
316,87	58,71
317,08	94,89
317,29	161,79
317,50	151,55
317,71	79,19
317,92	31,40
318,13	93,52
318,34	141,99
318,55	139,94
318,76	137,90
318,96	111,96
319,17	152,91
319,38	135,17
319,59	118,78
319,80	169,30
320,01	122,88
320,22	106,49
320,43	141,99
320,64	168,62
320,85	123,56
321,06	145,41
321,27	94,89
321,48	105,13
321,69	245,07
321,90	127,66
322,11	119,46
322,32	218,45
322,53	127,66
322,74	100,35
322,95	174,08
323,16	140,63
323,37	108,54
323,58	172,03
323,79	176,13
324,00	283,98
324,21	92,16
324,42	183,63
324,62	166,57
324,83	185,68
325,04	193,87
325,25	204,80
325,46	118,10
325,67	139,26
325,88	262,14
326,09	244,39
326,30	215,04
326,51	187,05
326,72	234,83
326,93	167,25
327,14	166,57
327,35	250,53
327,56	225,96
327,77	322,21
327,98	193,87
328,18	328,36
328,39	341,33
328,60	319,48
328,81	266,92
329,02	314,02
329,23	398,67
329,44	307,20
329,65	361,13
329,86	345,42
330,07	303,10
330,28	451,92
330,49	430,07
330,70	462,84
330,91	444,41
331,11	509,26
331,32	461,48
331,53	443,04
331,74	497,66
331,95	447,14
332,16	516,09
332,37	495,61
332,58	448,51
332,79	559,78
333,00	554,32
333,21	565,24
333,42	617,12
333,62	630,77
333,83	616,44
334,04	574,80
334,25	783,01
334,46	617,12
334,67	663,54
334,88	620,53
335,09	636,92
335,30	696,99
335,51	785,05
335,71	806,22
335,92	861,51
336,13	909,30
336,34	817,14
336,55	911,35
336,76	926,36
336,97	909,98
337,18	978,93
337,39	896,33
337,59	1058,80
337,80	1178,26
338,01	1168,02
338,22	1028,08
338,43	1034,91
338,64	1023,30
338,85	1037,64
339,06	1150,96
339,27	1114,09
339,47	1417,88
339,68	1259,50
339,89	1367,36
340,10	1371,46
340,31	1452,69
340,52	1428,80
340,73	1493,65
340,94	1637,69
341,14	1594,00
341,35	1699,81
341,56	1637,01
341,77	1708,69
341,98	1732,58
342,19	1705,96
342,40	1757,16
342,61	1747,60
342,81	1875,94
343,02	1842,49
343,23	1927,82
343,44	1985,85
343,65	2046,60
343,86	2176,99
344,07	2254,81
344,27	2132,62
344,48	2391,34
344,69	2306,01
344,90	2180,40
345,11	2125,79
345,32	2037,73
345,53	1923,73
345,73	2084,15
345,94	2088,93
346,15	2367,45
346,36	2379,74
346,57	2454,83
346,78	2521,73
346,98	2593,41
347,19	2568,15
347,40	2675,33
347,61	2574,30
347,82	2718,34
348,03	2792,06
348,24	2893,10
348,44	2741,55
348,65	2934,74
348,86	2827,56
349,07	3048,06
349,28	2951,81
349,49	3154,55
349,69	3074,00
349,90	3195,51
350,11	3071,27
350,32	3211,90
350,53	3193,47
350,74	3271,97
350,94	3454,92
351,15	3600,33
351,36	3801,03
351,57	3942,34
351,78	4007,19
351,98	4004,46
352,19	4149,87
352,40	3999,00
352,61	4115,05
352,82	3977,84
353,03	4084,33
353,23	4033,82
353,44	3990,81
353,65	4085,70
353,86	4007,87
354,07	4108,23
354,27	4078,19
354,48	4392,21
354,69	4653,67
354,90	4808,63
355,11	5081,01
355,31	5004,55
355,52	4952,67
355,73	5513,13
355,94	5292,63
356,15	5316,53
356,35	5313,80
356,56	5285,81
356,77	5139,04
356,98	5270,11
357,19	5233,93
357,39	5014,11
357,60	5110,36
357,81	4841,40
358,02	4586,77
358,23	4508,94
358,43	4522,60
358,64	4635,92
358,85	4479,59
359,06	4572,43
359,27	4258,41
359,47	4216,77
359,68	4189,46
359,89	4459,11
360,10	4487,10
360,30	5247,58
360,51	5582,76
360,72	6128,89
360,93	6301,60
361,14	6491,38
361,34	6464,07
361,55	6348,70
361,76	5974,61
361,97	6376,69
362,17	5884,50
362,38	5577,98
362,59	5829,20
362,80	5910,44
363,00	6202,61
363,21	6066,08
363,42	6401,95
363,63	6862,06
363,84	6943,30
364,04	7311,93
364,25	6909,85
364,46	7247,08
364,67	6763,76
364,87	7343,33
365,08	7466,89
365,29	7486,69
365,50	7311,93
365,70	7494,20
365,91	7485,33
366,12	8144,77
366,33	7603,43
366,53	8777,59
366,74	8656,76
366,95	9544,22
367,16	9120,29
367,36	9839,12
367,57	9574,25
367,78	9497,11
367,99	9690,31
368,19	9390,62
368,40	9469,81
368,61	9348,29
368,81	9265,69
369,02	9239,07
369,23	9176,27
369,44	9168,76
369,64	8798,07
369,85	9360,58
370,06	9337,37
370,27	9564,70
370,47	9751,06
370,68	10304,01
370,89	9958,59
371,10	10485,60
371,30	10006,38
371,51	10011,15
371,72	9541,49
371,92	9759,25
372,13	9780,42
372,34	10082,83
372,55	10092,39
372,75	9965,42
372,96	9708,74
373,17	9761,98
373,37	9055,44
373,58	9395,40
373,79	9613,17
374,00	9276,62
374,20	8869,75
374,41	8472,45
374,62	8170,03
374,82	8096,30
375,03	8220,55
375,24	8395,99
375,45	8133,85
375,65	8180,27
375,86	8260,14
376,07	8669,05
376,27	9039,73
376,48	9357,85
376,69	9521,69
376,89	9883,50
377,10	9881,45
377,31	9884,86
377,52	10033,00
377,72	9830,93
377,93	10230,97
378,14	11018,07
378,34	11106,82
378,55	11657,04
378,76	11971,74
378,96	12812,09
379,17	12958,86
379,38	12945,89
379,58	12601,83
379,79	12100,08
380,00	11644,75
380,20	11350,53
380,41	10521,10
380,62	10506,08
380,82	9813,87
381,03	10665,14
381,24	10533,39
381,44	11306,84
381,65	11618,81
381,86	11880,27
382,06	11450,88
382,27	11239,94
382,48	11021,49
382,68	9915,58
382,89	9784,51
383,10	9076,60
383,30	8662,91
383,51	8267,65
383,72	7778,87
383,92	7649,16
384,13	7191,10
384,34	7281,89
384,54	7506,49
384,75	7273,02
384,96	7860,79
385,16	8122,24
385,37	8847,91
385,58	9849,36
385,78	10131,98
385,99	10817,37
386,20	10818,05
386,40	10883,59
386,61	9514,18
386,82	10129,94
387,02	9417,24
387,23	10382,52
387,44	9856,19
387,64	11065,86
387,85	10511,54
388,05	11132,76
388,26	10219,36
388,47	10525,19
388,67	10658,99
388,88	10864,47
389,09	10478,09
389,29	10876,08
389,50	10488,33
389,71	10319,03
389,91	11150,51
390,12	11349,84
390,32	12208,62
390,53	13047,61
390,74	12934,97
390,94	12552,68
391,15	12726,08
391,36	12844,86
391,56	13722,76
391,77	14044,29
391,97	13892,05
392,18	15335,87
392,39	14548,77
392,59	14348,75
392,80	14173,31
393,00	13089,93
393,21	12570,43
393,42	11984,03
393,62	10460,34
393,83	9884,18
394,04	8320,21
394,24	7139,22
394,45	6725,53
394,65	7035,46
394,86	7881,95
395,07	9064,99
395,27	9810,45
395,48	11104,09
395,68	12896,74
395,89	13487,24
396,10	14342,61
396,30	14582,22
396,51	14396,54
396,71	14470,95
396,92	13715,25
397,13	12683,07
397,33	10863,11
397,54	9581,76
397,74	8477,91
397,95	8374,83
398,15	8656,08
398,36	10211,17
398,57	11953,31
398,77	12650,30
398,98	15307,20
399,18	15022,53
399,39	15465,58
399,60	17161,98
399,80	17705,37
400,01	17936,79
400,21	19618,18
400,42	18999,69
400,62	19772,46
400,83	20152,70
401,04	18527,29
401,24	19824,34
401,45	19076,15
401,65	20020,94
401,86	20186,15
402,06	20545,22
402,27	21143,23
402,48	20778,69
402,68	21175,31
402,89	21089,30
403,09	20922,05
403,30	21463,40
403,50	20428,49
403,71	19837,31
403,91	21415,61
404,12	19853,69
404,33	19590,19
404,53	21550,09
404,74	20716,57
404,94	20859,24
405,15	20265,33
405,35	19930,83
405,56	20593,69
405,76	20056,44
405,97	19847,55
406,18	20887,92
406,38	20420,30
406,59	20726,13
406,79	19403,82
407,00	20003,19
407,20	19597,70
407,41	19135,54
407,61	19706,24
407,82	20007,97
408,02	19766,99
408,23	20671,51
408,43	20438,05
408,64	20274,89
408,85	20868,80
409,05	21565,79
409,26	21142,55
409,46	21498,89
409,67	21986,99
409,87	22045,70
410,08	22804,13
410,28	22030,68
410,49	21731,00
410,69	20390,94
410,90	19136,22
411,10	21378,75
411,31	18548,45
411,51	19875,54
411,72	20745,92
411,92	21741,92
412,13	21679,80
412,33	22594,56
412,54	23095,63
412,74	23252,64
412,95	22763,86
413,15	22720,17
413,36	23486,79
413,56	22831,44
413,77	22423,21
413,97	23230,79
414,18	20829,89
414,38	22646,44
414,59	23355,72
414,79	23744,15
415,00	23145,46
415,20	23669,06
415,41	22062,08
415,61	23038,97
415,82	22588,41
416,02	23817,19
416,23	22049,11
416,43	22946,12
416,64	22348,80
416,84	24293,69
417,05	23821,29
417,25	23762,58
417,46	23494,30
417,66	23051,25
417,87	22999,37
418,07	22901,75
418,28	22767,27
418,48	23910,04
418,69	21718,03
418,89	22077,10
419,10	21220,37
419,30	21802,68
419,51	22485,33
419,71	22171,99
419,92	21671,61
420,12	22369,96
420,32	22739,96
420,53	22719,48
420,73	21637,47
420,94	23101,09
421,14	21016,94
421,35	22621,86
421,55	22397,95
421,76	23471,77
421,96	23000,74
422,17	24612,49
422,37	22797,31
422,58	22955,68
422,78	22886,73
422,98	23103,14
423,19	21661,37
423,39	20984,85
423,60	20724,08
423,80	21098,17
424,01	20682,44
424,21	21758,30
424,42	22378,15
424,62	22806,18
424,82	21616,99
425,03	22131,03
425,23	22647,80
425,44	22479,87
425,64	22634,83
425,85	22279,85
426,05	21485,24
426,26	21073,60
426,46	22899,70
426,66	21953,54
426,87	22359,04
427,07	23275,85
427,28	22716,07
427,48	22539,26
427,69	22118,06
427,89	22158,34
428,09	21176,68
428,30	21481,14
428,50	21604,70
428,71	22582,95
428,91	21563,06
429,12	23772,82
429,32	21786,97
429,52	21700,28
429,73	21694,13
429,93	22281,90
430,14	20091,26
430,34	21983,58
430,54	20248,27
430,75	18972,38
430,95	18116,33
431,16	16103,18
431,36	16077,24
431,56	17198,16
431,77	16755,11
431,97	18891,15
432,18	18910,26
432,38	20898,84
432,59	22597,29
432,79	23269,02
432,99	22924,96
433,20	23375,52
433,40	23807,64
433,61	23598,06
433,81	22862,16
434,01	25466,49
434,22	24344,20
434,42	24330,55
434,62	23667,69
434,83	23194,61
435,03	20313,12
435,24	21924,19
435,44	22688,08
435,64	23918,23
435,85	23447,19
436,05	25706,79
436,26	25273,98
436,46	24206,99
436,66	25097,17
436,87	26895,97
437,07	26198,98
437,27	28672,25
437,48	27695,36
437,68	25656,27
437,89	26591,51
438,09	26211,27
438,29	27191,56
438,50	25405,05
438,70	25736,14
438,90	23761,90
439,11	23267,66
439,31	25173,63
439,51	23931,88
439,72	23933,93
439,92	24611,81
440,13	25891,10
440,33	24713,52
440,53	26003,74
440,74	25179,78
440,94	25420,75
441,14	25489,70
441,35	25557,28
441,55	24314,17
441,75	25478,78
441,96	25848,10
442,16	28137,73
442,36	27670,11
442,57	27676,93
442,77	27403,87
442,97	28646,30
443,18	28089,26
443,38	30135,18
443,58	29494,16
443,79	27851,01
443,99	28855,88
444,20	27303,52
444,40	27219,55
444,60	28354,81
444,81	27818,92
445,01	27633,93
445,21	29602,71
445,42	28766,45
445,62	29961,78
445,82	28640,84
446,02	28395,09
446,23	27392,26
446,43	27017,49
446,63	26150,51
446,84	27798,45
447,04	25029,59
447,24	27251,64
447,45	28123,39
447,65	29161,71
447,85	27590,92
448,06	29352,85
448,26	30271,71
448,46	31688,22
448,67	28406,01
448,87	28335,70
449,07	28843,59
449,28	29660,05
449,48	30409,61
449,68	28458,57
449,88	28885,92
450,09	29691,45
450,29	29702,37
450,49	28786,25
450,70	28808,78
450,90	30770,05
451,10	30853,33
451,31	31611,08
451,51	31458,17
451,71	31145,51
451,91	31516,19
452,12	28785,57
452,32	32368,15
452,52	29556,29
452,73	30105,14
452,93	29352,85
453,13	29827,30
453,33	28894,11
453,54	28814,92
453,74	30111,97
453,94	25437,82
454,15	28167,76
454,35	28046,93
454,55	28035,33
454,75	30662,19
454,96	30012,30
455,16	29032,69
455,36	28255,14
455,57	29650,49
455,77	29120,07
455,97	27857,84
456,17	29486,65
456,38	31258,83
456,58	28984,22
456,78	29625,92
456,98	31391,95
457,19	31168,72
457,39	29900,34
457,59	31744,88
457,79	29954,27
458,00	32768,87
458,20	31561,93
458,40	30926,38
458,60	30456,71
458,81	30925,01
459,01	31240,40
459,21	29151,47
459,41	31025,36
459,62	30797,35
459,82	30583,68
460,02	31213,77
460,22	31349,62
460,43	30923,65
460,63	31765,36
460,83	29568,57
461,03	30464,22
461,24	31751,02
461,44	32628,92
461,64	31648,63
461,84	33345,03
462,05	34768,37
462,25	31662,96
462,45	32541,54
462,65	34396,32
462,86	30664,92
463,06	32276,67
463,26	31970,84
463,46	32783,88
463,66	33162,76
463,87	31714,16
464,07	33525,93
464,27	32853,51
464,47	33796,26
464,68	33272,67
464,88	32435,73
465,08	31987,22
465,28	32041,84
465,48	32170,18
465,69	33082,89
465,89	32315,58
466,09	32791,39
466,29	32568,16
466,49	32847,37
466,70	35752,76
466,90	33781,24
467,10	33592,83
467,30	34436,59
467,50	32476,01
467,71	32947,04
467,91	33544,36
468,11	33211,23
468,31	32346,30
468,51	34044,75
468,72	34842,77
468,92	35522,70
469,12	34695,32
469,32	35775,28
469,52	34930,84
469,73	36239,49
469,93	34782,02
470,13	36350,76
470,33	34762,90
470,53	36896,20
470,74	36344,62
470,94	34878,96
471,14	35573,22
471,34	36783,57
471,54	35930,93
471,74	36278,40
471,95	37408,20
472,15	38955,10
472,35	36753,53
472,55	38341,39
472,75	40461,04
472,95	40405,06
473,16	39624,78
473,36	40310,17
473,56	40308,80
473,76	42055,04
473,96	39520,34
474,16	40532,03
474,37	39952,46
474,57	40243,27
474,77	42685,81
474,97	41816,11
475,17	40755,26
475,37	42623,01
475,58	43470,18
475,78	42916,55
475,98	42369,74
476,18	44186,97
476,38	42229,80
476,58	43040,11
476,78	43000,52
476,99	44963,84
477,19	43393,04
477,39	44152,16
477,59	43857,93
477,79	44445,02
477,99	46297,75
478,19	47167,45
478,40	46567,40
478,60	46393,32
478,80	46779,70
479,00	47611,86
479,20	47308,08
479,40	46849,33
479,60	45229,39
479,81	48408,52
480,01	47426,18
480,21	48447,43
480,41	49386,77
480,61	50531,58
480,81	50881,10
481,01	49327,38
481,21	49408,61
481,42	49865,99
481,62	49943,13
481,82	51072,24
482,02	51323,46
482,22	51535,09
482,42	51273,63
482,62	53881,38
482,82	52621,19
483,02	51818,39
483,23	52161,08
483,43	52653,96
483,63	52083,94
483,83	52450,53
484,03	52782,98
484,23	52223,20
484,43	52728,37
484,63	53038,98
484,83	51593,11
485,04	52832,13
485,24	51745,34
485,44	52830,08
485,64	52684,00
485,84	52559,07
486,04	51414,94
486,24	49609,99
486,44	47394,09
486,64	45844,46
486,84	45378,21
487,04	45088,08
487,25	45584,37
487,45	46765,37
487,65	47863,08
487,85	50058,50
488,05	50396,41
488,25	51555,57
488,45	51597,21
488,65	53576,91
488,85	52770,01
489,05	54073,88
489,25	52498,31
489,45	52901,76
489,65	52690,82
489,86	53361,87
490,06	53271,76
490,26	54631,61
490,46	55637,17
490,66	56462,50
490,86	56138,92
491,06	57147,20
491,26	56502,78
491,46	56819,53
491,66	56541,00
491,86	55398,24
492,06	54899,22
492,26	54331,25
492,46	54443,20
492,66	53125,67
492,86	53050,58
493,06	53766,01
493,27	54675,30
493,47	55495,17
493,67	54593,39
493,87	56079,53
494,07	55532,04
494,27	55237,13
494,47	55205,73
494,67	55452,85
494,87	56069,29
495,07	56564,21
495,27	57678,31
495,47	59225,21
495,67	58142,52
495,87	58750,76
496,07	56955,38
496,27	57057,09
496,47	56751,26
496,67	57524,71
496,87	57972,53
497,07	57708,35
497,27	57210,01
497,47	58242,18
497,67	57621,65
497,87	58131,59
498,07	58356,87
498,27	58001,89
498,47	57248,24
498,67	56569,68
498,87	55207,78
499,07	55965,52
499,27	54912,87
499,47	56275,45
499,67	56632,48
499,87	58021,69
500,07	56896,67
500,27	57136,96
500,47	56675,49
500,67	56833,86
500,87	54977,72
501,07	55230,30
501,27	54858,26
501,47	54840,51
501,67	54437,74
501,87	55078,75
502,07	54312,81
502,27	54736,06
502,47	53376,21
502,67	55127,91
502,87	55007,08
503,07	55676,08
503,27	55989,42
503,47	56389,45
503,67	56470,01
503,87	56418,81
504,07	56128,68
504,27	55881,56
504,47	56047,44
504,67	55097,19
504,87	55379,12
505,07	55392,09
505,27	56822,26
505,47	56880,97
505,67	57668,75
505,87	57559,53
506,07	58028,51
506,27	58490,67
506,47	58700,25
506,67	59470,96
506,87	59604,08
507,07	59201,32
507,27	58731,65
507,47	58726,19
507,67	58378,03
507,87	57623,01
508,07	57978,00
508,27	57614,14
508,47	57169,73
508,67	56965,62
508,87	57321,28
509,06	57571,81
509,26	57719,27
509,46	59556,30
509,66	59464,82
509,86	59587,70
510,06	59339,89
510,26	59388,36
510,46	58576,68
510,66	59060,69
510,86	58223,07
511,06	59143,97
511,26	59543,33
511,46	59361,06
511,66	59197,90
511,86	60055,32
512,06	60316,78
512,26	60966,66
512,45	60881,33
512,65	60525,67
512,85	59850,52
513,05	59528,31
513,25	58644,27
513,45	58924,16
513,65	59103,01
513,85	58464,05
514,05	58795,82
514,25	58720,04
514,45	58141,15
514,65	58394,42
514,85	57555,43
515,04	57613,46
515,24	57573,18
515,44	58295,43
515,64	58381,45
515,84	59063,42
516,04	59017,00
516,24	59685,32
516,44	59159,67
516,64	59141,92
516,84	58620,37
517,04	56082,94
517,23	54349,68
517,43	52673,76
517,63	50841,51
517,83	51503,68
518,03	52850,56
518,23	54590,66
518,43	54292,33
518,63	54895,12
518,83	54396,10
519,02	54422,72
519,22	53789,22
519,42	53755,08
519,62	55473,33
519,82	56519,16
520,02	56662,52
520,22	57635,98
520,42	58245,60
520,62	59150,12
520,81	58727,55
521,01	58341,17
521,21	58009,40
521,41	58545,28
521,61	59242,27
521,81	59053,86
522,01	58983,55
522,21	59789,77
522,40	59598,62
522,60	60307,22
522,80	59395,87
523,00	59568,58
523,20	58769,88
523,40	58527,53
523,60	58147,29
523,79	57971,17
523,99	58294,07
524,19	59410,89
524,39	59282,55
524,59	60891,57
524,79	60665,61
524,99	60007,53
525,18	61165,32
525,38	60916,83
525,58	60266,94
525,78	60851,30
525,98	60178,20
526,18	61354,41
526,37	59412,94
526,57	59848,47
526,77	58291,33
526,97	56936,26
527,17	54767,46
527,37	54859,62
527,56	52901,08
527,76	54331,25
527,96	55111,52
528,16	55738,20
528,36	56271,35
528,56	57739,75
528,75	57747,26
528,95	58462,00
529,15	59253,20
529,35	59502,37
529,55	60041,67
529,75	60361,83
529,94	59937,22
530,14	59959,75
530,34	58764,42
530,54	59182,20
530,74	58145,93
530,93	58883,88
531,13	59886,70
531,33	60380,95
531,53	59702,38
531,73	60725,00
531,93	60101,74
532,12	60727,73
532,32	59489,40
532,52	59489,40
532,72	59042,26
532,92	57631,21
533,11	56366,93
533,31	56112,30
533,51	55951,19
533,71	56280,23
533,91	56390,14
534,10	57169,73
534,30	57592,29
534,50	57498,77
534,70	57052,31
534,89	57006,58
535,09	56991,56
535,29	58008,03
535,49	58047,63
535,69	57258,48
535,88	58578,05
536,08	58801,96
536,28	58868,18
536,48	59383,58
536,68	58174,60
536,87	58966,48
537,07	57684,45
537,27	56558,75
537,47	55739,57
537,66	56428,37
537,86	55200,27
538,06	56199,68
538,26	56368,97
538,45	56748,53
538,65	56803,83
538,85	57238,00
539,05	56534,18
539,24	57048,22
539,44	56521,21
539,64	56376,48
539,84	55095,14
540,03	55244,64
540,23	54947,68
540,43	54391,32
540,63	53970,12
540,82	53723,00
541,02	53126,36
541,22	53423,31
541,42	52561,80
541,61	52742,70
541,81	54056,14
542,01	53502,50
542,21	54292,33
542,40	55119,03
542,60	54736,06
542,80	55024,82
543,00	54255,47
543,19	54425,45
543,39	54428,18
543,59	54278,68
543,79	53712,76
543,98	54413,16
544,18	54955,88
544,38	54344,22
544,57	55368,88
544,77	54972,94
544,97	54768,83
545,17	55295,16
545,36	54326,47
545,56	55138,15
545,76	54925,16
545,96	54490,30
546,15	54381,08
546,35	54885,56
546,55	54108,70
546,74	53800,82
546,94	54202,91
547,14	54692,37
547,33	53893,66
547,53	54747,67
547,73	53643,13
547,93	53800,14
548,12	53028,05
548,32	53220,56
548,52	52809,60
548,71	53102,46
548,91	52899,72
549,11	53438,33
549,30	53170,05
549,50	53458,81
549,70	53915,51
549,90	53583,74
550,09	53180,97
550,29	53458,81
550,49	53191,89
550,68	53979,00
550,88	53100,42
551,08	53759,18
551,27	52466,23
551,47	53054,68
551,67	52865,58
551,86	53231,49
552,06	52288,74
552,26	53500,45
552,45	53570,77
552,65	53565,31
552,85	53107,24
553,04	53428,09
553,24	52232,08
553,44	52733,83
553,63	52142,65
553,83	52449,84
554,03	51913,96
554,22	52852,61
554,42	52468,28
554,62	52580,23
554,81	52397,96
555,01	52883,33
555,21	52310,58
555,40	52965,25
555,60	52463,50
555,80	53056,04
555,99	52338,57
556,19	52520,16
556,39	52268,26
556,58	52032,74
556,78	51733,06
556,97	51625,20
557,17	51424,50
557,37	51190,34
557,56	50621,69
557,76	51319,37
557,96	50672,89
558,15	50799,86
558,35	50311,77
558,55	51038,79
558,74	51046,99
558,94	50509,74
559,13	50138,37
559,33	49930,84
559,53	49069,33
559,72	49483,70
559,92	49385,40
560,12	49456,40
560,31	49582,69
560,51	49934,94
560,70	49446,84
560,90	50588,24
561,10	50233,94
561,29	51297,52
561,49	50738,43
561,68	50725,46
561,88	50598,48
562,08	50289,24
562,27	49801,82
562,47	50020,27
562,66	49548,56
562,86	50451,03
563,06	49807,28
563,25	50670,84
563,45	50162,26
563,64	51584,92
563,84	50280,36
564,04	50881,10
564,23	50399,15
564,43	50220,29
564,62	49920,60
564,82	50534,31
565,02	49902,17
565,21	50577,32
565,41	50668,79
565,60	49805,92
565,80	50639,44
566,00	49415,44
566,19	49242,73
566,39	48555,97
566,58	48768,28
566,78	49326,01
566,97	48392,82
567,17	49777,25
567,37	49449,57
567,56	50403,24
567,76	49579,28
567,95	50315,18
568,15	50399,83
568,34	50253,74
568,54	49819,57
568,74	49640,03
568,93	49095,95
569,13	48892,52
569,32	47977,76
569,52	48424,90
569,71	48217,38
569,91	48600,35
570,10	48717,08
570,30	48321,82
570,50	48766,23
570,69	48921,19
570,89	47766,14
571,08	47671,25
571,28	47325,83
571,47	46712,80
571,67	46677,30
571,86	47421,40
572,06	47280,77
572,25	48076,07
572,45	48310,90
572,65	49158,08
572,84	48712,30
573,04	48811,97
573,23	48914,37
573,43	48608,54
573,62	49469,37
573,82	49375,84
574,01	48441,29
574,21	49657,10
574,40	48625,60
574,60	49499,40
574,79	48517,06
574,99	48794,90
575,18	48438,56
575,38	47948,41
575,57	47758,63
575,77	47777,75
575,96	47368,15
576,16	48361,42
576,35	47109,43
576,55	47497,17
576,74	48054,22
576,94	47956,60
577,13	48108,15
577,33	48108,15
577,52	47912,23
577,72	48246,73
577,91	47744,30
578,11	48147,06
578,30	47555,20
578,50	47729,28
578,69	46687,54
578,89	46920,33
579,08	46893,71
579,28	47143,56
579,47	46710,07
579,67	47356,55
579,86	47065,74
580,06	47856,25
580,25	46850,02
580,45	47711,53
580,64	47437,78
580,84	47839,87
581,03	46895,75
581,23	47874,68
581,42	47272,58
581,62	48005,75
581,81	47521,07
582,01	47851,47
582,20	47498,54
582,40	47876,73
582,59	47884,24
582,78	48139,55
582,98	48104,74
583,17	48395,55
583,37	47678,08
583,56	48300,66
583,76	47991,42
583,95	47856,93
584,15	47738,83
584,34	47681,49
584,54	47622,10
584,73	47864,44
584,93	47410,48
585,12	47299,89
585,31	47698,56
585,51	47136,73
585,70	46740,11
585,90	46708,71
586,09	45773,47
586,29	45944,81
586,48	45708,61
586,68	46271,12
586,87	45875,87
587,06	45718,85
587,26	46131,86
587,45	46443,84
587,65	45850,61
587,84	46599,48
588,04	45604,17
588,23	45182,29
588,42	45144,06
588,62	45032,78
588,81	43797,86
589,01	43735,74
589,20	41609,26
589,40	41177,82
589,59	39744,25
589,78	39072,51
589,98	38732,55
590,17	39161,26
590,37	39624,78
590,56	40016,63
590,75	40767,55
590,95	41516,42
591,14	42173,82
591,34	42108,29
591,53	41775,15
591,72	42137,64
591,92	41843,41
592,11	42067,33
592,31	41707,57
592,50	41891,20
592,69	41366,92
592,89	41823,62
593,08	42155,39
593,28	42079,61
593,47	42307,62
593,66	42661,24
593,86	42048,21
594,05	42595,70
594,25	41807,23
594,44	42242,77
594,63	41284,32
594,83	41627,01
595,02	40762,77
595,21	40545,00
595,41	40648,08
595,60	41033,78
595,80	41046,76
595,99	41116,39
596,18	41326,64
596,38	41366,24
596,57	41534,85
596,76	41468,64
596,96	40783,93
597,15	41138,23
597,35	40465,81
597,54	41140,96
597,73	40529,30
597,93	41093,18
598,12	40369,56
598,31	40976,44
598,51	40415,30
598,70	40908,18
598,89	40350,45
599,09	41044,02
599,28	40824,21
599,47	41575,81
599,67	41261,11
599,86	41452,25
600,05	41575,13
600,25	41685,72
600,44	40761,40
600,63	41684,36
600,83	40822,16
601,02	40954,60
601,21	40778,47
601,41	41217,42
601,60	40496,53
601,79	41394,91
601,99	39942,22
602,18	40704,06
602,37	40333,38
602,57	40166,81
602,76	40415,30
602,95	40642,62
603,15	40569,58
603,34	40867,90
603,53	40725,22
603,73	41153,93
603,92	41116,39
604,11	41188,75
604,31	41391,50
604,50	41127,99
604,69	40731,37
604,89	41324,60
605,08	40877,46
605,27	41235,17
605,46	40743,66
605,66	41523,93
605,85	40920,46
606,04	41343,71
606,24	40518,38
606,43	40813,29
606,62	40520,43
606,82	40583,23
607,01	40341,57
607,20	40434,41
607,39	40498,58
607,59	40833,77
607,78	40658,32
607,97	40207,77
608,17	40166,13
608,36	40975,08
608,55	39848,69
608,74	40162,72
608,94	39830,26
609,13	40108,79
609,32	39260,24
609,52	39816,61
609,71	38884,10
609,90	39041,79
610,09	38671,11
610,29	38800,13
610,48	38004,16
610,67	38191,89
610,86	37583,64
611,06	37582,96
611,25	37066,19
611,44	37242,99
611,64	37206,13
611,83	37757,72
612,02	37658,05
612,21	38020,54
612,41	37513,33
612,60	37835,54
612,79	37594,56
612,98	38023,95
613,18	38531,17
613,37	39009,03
613,56	38469,73
613,75	39288,23
613,95	38654,73
614,14	38877,27
614,33	38131,13
614,52	38512,74
614,71	38126,35
614,91	38596,70
615,10	38381,66
615,29	38951,68
615,48	38514,78
615,68	39001,52
615,87	38322,27
616,06	38265,61
616,25	37624,60
616,45	38070,37
616,64	37501,04
616,83	37382,94
617,02	37308,53
617,21	37558,38
617,41	37558,38
617,60	37658,05
617,79	37728,36
617,98	38260,83
618,18	37694,23
618,37	39223,38
618,56	38270,39
618,75	39080,70
618,94	38975,58
619,14	38846,55
619,33	38903,90
619,52	39185,83
619,71	38792,62
619,90	38955,10
620,10	38930,52
620,29	39745,61
620,48	39490,30
620,67	39525,11
620,86	39701,92
621,06	39987,96
621,25	39942,22
621,44	39792,03
621,63	39586,55
621,82	39669,15
622,01	39523,07
622,21	39373,56
622,40	39200,85
622,59	39655,50
622,78	39189,93
622,97	39707,38
623,17	38966,70
623,36	39734,01
623,55	39380,39
623,74	39598,84
623,93	38828,80
624,12	39671,89
624,32	39139,41
624,51	39514,19
624,70	38743,47
624,89	39006,30
625,08	38937,35
625,27	38664,28
625,47	38331,83
625,66	38877,27
625,85	38058,09
626,04	38325,00
626,23	38294,97
626,42	38645,85
626,61	38507,96
626,81	38938,03
627,00	38931,89
627,19	39450,70
627,38	38612,40
627,57	39256,15
627,76	38459,49
627,95	38353,68
628,15	37356,32
628,34	37131,72
628,53	37339,25
628,72	36993,14
628,91	37309,89
629,10	37690,13
629,29	38053,99
629,49	37893,57
629,68	37642,35
629,87	37739,97
630,06	37165,17
630,25	36928,29
630,44	36883,23
630,63	37081,89
630,82	36956,96
631,01	37449,84
631,21	37383,62
631,40	37337,20
631,59	37321,50
631,78	36817,70
631,97	37060,73
632,16	36748,07
632,35	36487,29
632,54	36356,22
632,73	36365,78
632,93	37131,72
633,12	37159,03
633,31	37236,85
633,50	36937,85
633,69	37346,08
633,88	36039,47
634,07	36998,60
634,26	36409,47
634,45	36436,78
634,64	36270,89
634,84	36586,28
635,03	36203,31
635,22	36395,82
635,41	36133,00
635,60	36815,65
635,79	36167,13
635,98	36699,60
636,17	35483,11
636,36	36565,12
636,55	35927,52
636,74	35216,87
636,93	36099,55
637,12	36038,79
637,32	35869,49
637,51	35646,94
637,70	36143,24
637,89	36146,65
638,08	35785,52
638,27	36200,58
638,46	36042,20
638,65	35775,97
638,84	35821,02
639,03	35707,02
639,22	35861,98
639,41	35904,99
639,60	35099,45
639,79	35065,32
639,98	34908,31
640,17	34801,13
640,36	34356,04
640,56	34674,84
640,75	34427,72
640,94	34186,06
641,13	34306,89
641,32	34229,75
641,51	33781,93
641,70	33942,35
641,89	33588,05
642,08	33874,09
642,27	33402,37
642,46	33748,48
642,65	33451,52
642,84	33834,49
643,03	33688,40
643,22	33550,51
643,41	33646,08
643,60	33681,58
643,79	33325,91
643,98	33507,50
644,17	33007,11
644,36	33582,59
644,55	32828,26
644,74	32987,32
644,93	33179,14
645,12	33035,10
645,31	32589,33
645,50	32271,21
645,69	32524,47
645,88	32165,40
646,07	32192,70
646,26	32196,12
646,45	31817,93
646,64	31598,11
646,83	31398,77
647,02	30961,19
647,21	31539,40
647,40	30519,51
647,59	30654,68
647,78	30451,25
647,97	30382,98
648,16	30455,34
648,35	30054,62
648,54	30391,17
648,73	29941,99
648,92	30335,88
649,11	30027,32
649,30	30107,87
649,49	29571,99
649,68	29250,46
649,87	28952,82
650,06	28986,95
650,25	28783,52
650,44	29442,28
650,63	29635,47
650,82	30092,17
651,01	30046,43
651,20	30456,71
651,39	30212,32
651,58	30023,22
651,77	29555,60
651,96	29395,86
652,15	28967,15
652,33	29434,09
652,52	29111,19
652,71	29313,26
652,90	29174,00
653,09	29257,96
653,28	29789,07
653,47	29554,92
653,66	29297,56
653,85	29587,00
654,04	29544,68
654,23	29217,00
654,42	29267,52
654,61	29244,31
654,80	28877,72
654,99	28897,52
655,18	28100,18
655,37	28509,09
655,55	28009,39
655,74	27562,93
655,93	27349,26
656,12	26456,34
656,31	25356,58
656,50	24693,72
656,69	24248,63
656,88	23465,63
657,07	23725,72
657,26	24471,18
657,45	24898,52
657,64	25462,40
657,83	26017,40
658,01	26648,85
658,20	26631,79
658,39	26988,81
658,58	27082,34
658,77	27505,59
658,96	27373,15
659,15	27603,89
659,34	27210,00
659,53	27674,88
659,72	27423,67
659,90	27229,11
660,09	27201,12
660,28	27620,95
660,47	27283,04
660,66	27912,45
660,85	27562,25
661,04	27571,80
661,23	27236,62
661,42	27804,59
661,60	27102,14
661,79	27693,32
661,98	27447,56
662,17	27617,54
662,36	27508,32
662,55	27368,37
662,74	27507,63
662,93	27302,15
663,11	27110,33
663,30	27347,21
663,49	26685,72
663,68	26796,99
663,87	26659,09
664,06	26452,25
664,25	26579,22
664,44	26435,86
664,62	26895,29
664,81	26807,91
665,00	26481,60
665,19	26761,49
665,38	26773,78
665,57	26961,51
665,76	26780,60
665,94	26726,67
666,13	26617,45
666,32	26636,56
666,51	26551,23
666,70	26466,58
666,89	26031,73
667,07	26288,41
667,26	26446,79
667,45	26345,07
667,64	26096,58
667,83	26035,14
668,02	25978,48
668,20	25919,78
668,39	25699,28
668,58	25852,87
668,77	25605,75
668,96	25711,57
669,15	25839,90
669,33	25799,63
669,52	25341,57
669,71	25661,05
669,90	25539,54
670,09	25540,22
670,27	25409,15
670,46	25271,25
670,65	24991,36
670,84	25228,93
671,03	25081,47
671,22	24850,05
671,40	25065,77
671,59	24719,67
671,78	25100,59
671,97	24628,87
672,16	24493,02
672,34	24375,61
672,53	24407,01
672,72	24581,09
672,91	24314,85
673,09	24465,03
673,28	24407,01
673,47	24442,51
673,66	24018,58
673,85	24402,23
674,03	24318,26
674,22	24305,29
674,41	23972,16
674,60	24032,91
674,79	23828,12
674,97	24082,75
675,16	23836,31
675,35	23852,01
675,54	23814,46
675,72	24085,48
675,91	23572,80
676,10	23667,01
676,29	23854,06
676,47	23750,29
676,66	23682,71
676,85	23926,42
677,04	23520,24
677,23	23574,17
677,41	23213,04
677,60	23478,60
677,79	23010,29
677,98	23619,91
678,16	23260,83
678,35	23514,78
678,54	23023,95
678,73	23540,04
678,91	23081,97
679,10	23006,88
679,29	23000,05
679,48	22724,94
679,66	22598,65
679,85	23033,50
680,04	22619,81
680,22	22694,91
680,41	22627,32
680,60	22845,77
680,79	22324,22
680,97	22709,93
681,16	22486,01
681,35	22571,35
681,54	22163,12
681,72	22423,89
681,91	22151,51
682,10	22281,90
682,28	22132,40
682,47	22144,00
682,66	22039,56
682,85	22399,32
683,03	22195,89
683,22	22434,13
683,41	21862,07
683,59	21857,97
683,78	21786,29
683,97	21825,20
684,16	21566,48
684,34	21687,31
684,53	21443,60
684,72	21379,43
684,90	21180,09
685,09	21191,70
685,28	21201,26
685,46	21451,11
685,65	21240,17
685,84	21295,46
686,03	20910,44
686,21	21171,90
686,40	20623,05
686,59	20922,73
686,77	20274,89
686,96	19356,04
687,15	18347,07
687,33	17202,94
687,52	16021,94
687,71	15385,71
687,89	15350,21
688,08	15789,84
688,27	16424,71
688,45	16749,65
688,64	16589,23
688,83	17229,56
689,01	17066,41
689,20	17237,07
689,39	16905,98
689,57	17222,05
689,76	16953,09
689,95	17183,14
690,13	17076,65
690,32	17263,01
690,51	17214,54
690,69	17618,68
690,88	17302,61
691,07	17803,68
691,25	17747,70
691,44	17790,70
691,62	17921,77
691,81	17898,56
692,00	17921,09
692,18	18021,44
692,37	18067,86
692,56	18093,80
692,74	18094,49
692,93	18069,91
693,12	17997,55
693,30	17726,53
693,49	17663,73
693,67	17712,88
693,86	17796,17
694,05	17419,34
694,23	17239,12
694,42	17259,60
694,61	17116,24
694,79	16924,41
694,98	17214,54
695,16	17244,58
695,35	17420,02
695,54	17300,56
695,72	17322,40
695,91	17532,66
696,09	17059,58
696,28	17242,53
696,47	17482,14
696,65	17549,73
696,84	17729,27
697,02	17794,12
697,21	17938,84
697,40	18215,32
697,58	18114,97
697,77	18286,31
697,95	18291,77
698,14	18097,22
698,33	17951,13
698,51	18103,36
698,70	17663,73
698,88	17817,33
699,07	17672,60
699,25	17498,53
699,44	17233,66
699,63	17115,56
699,81	17224,78
700,00	17418,66
700,18	17388,62
700,37	17134,67
700,55	17222,73
700,74	17232,97
700,93	16822,02
701,11	16873,90
701,30	16737,37
701,48	17017,94
701,67	16854,10
701,85	16778,33
702,04	16707,33
702,23	16553,73
702,41	16631,55
702,60	16484,10
702,78	16542,81
702,97	16609,71
703,15	16413,79
703,34	16733,95
703,52	16835,67
703,71	16933,29
703,89	16956,50
704,08	16987,22
704,27	17054,80
704,45	17073,92
704,64	16950,35
704,82	17140,13
705,01	17093,71
705,19	17170,85
705,38	17106,00
705,56	16933,97
705,75	16784,47
705,93	16787,88
706,12	16840,45
706,30	16714,84
706,49	16656,13
706,67	17009,06
706,86	16567,38
707,04	16863,66
707,23	16701,87
707,41	16875,26
707,60	16701,19
707,78	16907,35
707,97	16760,58
708,15	16912,13
708,34	16980,39
708,52	16927,14
708,71	16788,57
708,89	16768,77
709,08	16525,74
709,26	16808,36
709,45	16751,70
709,63	16573,53
709,82	16489,56
710,00	16654,08
710,19	16624,73
710,37	16729,17
710,56	16314,12
710,74	16542,81
710,93	16256,09
711,11	16727,81
711,30	16303,88
711,48	16635,65
711,67	16425,39
711,85	16606,30
712,04	16362,59
712,22	16411,06
712,41	16252,68
712,59	16342,11
712,78	16443,82
712,96	16020,58
713,14	16226,74
713,33	16134,58
713,51	16113,42
713,70	16000,78
713,88	16136,63
714,07	16131,85
714,25	16107,27
714,44	16232,20
714,62	15943,44
714,81	15892,24
714,99	15697,68
715,17	15700,41
715,36	15459,43
715,54	15368,64
715,73	15385,02
715,91	15275,12
716,10	15423,94
716,28	15279,21
716,47	15089,43
716,65	14830,71
716,83	14208,81
717,02	13949,40
717,20	13280,39
717,39	12915,86
717,57	12378,61
717,76	12058,44
717,94	11796,98
718,12	11703,46
718,31	11359,40
718,49	11303,42
718,68	11257,68
718,86	10945,71
719,04	10621,45
719,23	10362,72
719,41	10338,83
719,60	10440,54
719,78	10421,43
719,97	10252,13
720,15	10114,24
720,33	10101,26
720,52	10183,87
720,70	9888,96
720,89	10228,92
721,07	10542,94
721,25	10937,52
721,44	11392,17
721,62	11861,15
721,80	12185,41
721,99	12557,46
722,17	12706,28
722,36	12928,83
722,54	12847,59
722,72	12781,37
722,91	13027,13
723,09	12835,30
723,28	12625,04
723,46	12222,28
723,64	12042,06
723,83	11588,77
724,01	11265,88
724,19	11047,43
724,38	10927,28
724,56	11016,71
724,74	10787,33
724,93	10734,09
725,11	10871,98
725,30	10519,73
725,48	10598,24
725,66	10770,27
725,85	10582,54
726,03	10605,06
726,21	10749,11
726,40	10667,19
726,58	10760,03
726,76	10703,37
726,95	10801,67
727,13	10688,35
727,31	10930,69
727,50	10783,92
727,68	10564,11
727,86	10325,86
728,05	10372,28
728,23	10293,77
728,41	10217,32
728,60	10742,28
728,78	10880,18
728,96	10707,46
729,15	10675,38
729,33	10532,70
729,51	10172,26
729,70	10053,48
729,88	10484,92
730,06	10552,50
730,25	10567,52
730,43	10486,28
730,61	10635,10
730,80	10495,16
730,98	10526,56
731,16	10508,13
731,35	10482,19
731,53	10566,15
731,71	10614,62
731,89	10470,58
732,08	10503,35
732,26	10852,19
732,44	11064,49
732,63	11166,21
732,81	11307,52
732,99	11145,05
733,18	11537,57
733,36	11633,83
733,54	11577,85
733,72	11849,55
733,91	11639,97
734,09	11842,04
734,27	12269,38
734,46	12270,75
734,64	12296,69
734,82	11988,81
735,00	12199,07
735,19	11796,98
735,37	12189,51
735,55	11880,95
735,73	11860,47
735,92	11972,43
736,10	11867,98
736,28	11656,36
736,46	11853,64
736,65	11609,25
736,83	11642,70
737,01	11634,51
737,20	11764,90
737,38	11537,57
737,56	11707,55
737,74	11698,68
737,93	11889,82
738,11	11867,30
738,29	11855,69
738,47	11854,33
738,66	11595,60
738,84	11733,50
739,02	11506,17
739,20	11712,33
739,38	11375,78
739,57	11279,53
739,75	11463,85
739,93	11435,86
740,11	11496,61
740,30	11563,51
740,48	11661,13
740,66	11531,43
740,84	11653,62
741,03	11620,86
741,21	11665,91
741,39	11421,52
741,57	11601,06
741,75	11316,39
741,94	11567,61
742,12	11244,03
742,30	11313,66
742,48	11170,99
742,66	11396,95
742,85	11293,18
743,03	11061,08
743,21	11405,14
743,39	11388,75
743,57	11351,21
743,76	11439,95
743,94	11203,07
744,12	11139,58
744,30	11250,18
744,48	11212,63
744,67	11269,97
744,85	11071,32
745,03	11061,76
745,21	10947,08
745,39	11109,55
745,58	10780,51
745,76	11130,03
745,94	10907,48
746,12	10824,88
746,30	10960,05
746,48	10676,74
746,67	10869,25
746,85	10645,34
747,03	10629,64
747,21	10553,18
747,39	10554,55
747,57	10542,94
747,76	10515,64
747,94	10469,90
748,12	10504,71
748,30	10482,87
748,48	10420,06
748,66	10443,28
748,85	10248,04
749,03	10377,74
749,21	10332,00
749,39	10138,13
749,57	10254,18
749,75	10100,58
749,93	10097,85
750,12	9985,90
750,30	9934,70
750,48	9981,80
750,66	10022,76
750,84	10071,23
751,02	9940,16
751,20	9910,12
751,39	9915,58
751,57	9883,50
751,75	9964,73
751,93	9851,41
752,11	9891,01
752,29	9992,72
752,47	10032,32
752,65	9813,87
752,84	9816,60
753,02	9845,27
753,20	9848,68
753,38	9960,64
753,56	9961,32
753,74	9947,67
753,92	10040,51
754,10	9832,30
754,28	10028,90
754,46	10035,73
754,65	10060,99
754,83	10051,43
755,01	10020,71
755,19	9996,14
755,37	9932,65
755,55	10032,32
755,73	9966,10
755,91	9869,84
756,09	9839,81
756,27	9964,05
756,46	10011,84
756,64	9918,31
756,82	10026,17
757,00	9964,05
757,18	9953,81
757,36	9975,66
757,54	9995,45
757,72	9932,65
757,90	10181,14
758,08	10082,83
758,26	9896,47
758,44	9957,22
758,62	9924,46
758,80	10019,35
758,99	9874,62
759,17	9853,46
759,35	9413,83
759,53	8886,14
759,71	8279,26
759,89	7141,95
760,07	6118,65
760,25	5074,87
760,43	4210,62
760,61	3646,07
760,79	3089,02
760,97	2606,38
761,15	2374,28
761,33	2349,02
761,51	2506,03
761,69	2748,37
761,87	3284,94
762,05	3740,96
762,23	4144,41
762,41	4338,96
762,59	4424,98
762,77	4311,66
762,95	4147,82
763,13	4019,48
763,31	3886,36
763,50	3846,77
763,68	3721,16
763,86	3825,61
764,04	3929,37
764,22	3995,59
764,40	4222,91
764,58	4260,46
764,76	4471,40
764,94	4713,74
765,12	4870,75
765,30	5057,12
765,48	5377,28
765,66	5434,63
765,84	5750,01
766,02	6140,49
766,20	6326,18
766,38	6425,16
766,56	6578,08
766,74	6910,53
766,92	7155,60
767,10	7403,41
767,28	7539,26
767,46	7887,41
767,64	8064,90
767,82	8193,92
767,99	8473,81
768,17	8517,50
768,35	8578,94
768,53	8652,67
768,71	8654,72
768,89	8949,62
769,07	8985,80
769,25	9011,06
769,43	9127,80
769,61	9106,63
769,79	9128,48
769,97	9110,05
770,15	9121,65
770,33	9305,29
770,51	9385,84
770,69	9426,80
770,87	9425,43
771,05	9310,07
771,23	9318,94
771,41	9255,45
771,59	9353,76
771,77	9377,65
771,95	9164,66
772,13	9288,90
772,31	9186,51
772,48	9246,58
772,66	9434,31
772,84	9198,11
773,02	9370,14
773,20	9111,41
773,38	9198,79
773,56	9214,49
773,74	9219,27
773,92	9049,29
774,10	9352,39
774,28	9176,95
774,46	9064,99
774,64	9045,20
774,81	9045,88
774,99	8908,66
775,17	8895,69
775,35	8809,68
775,53	8861,56
775,71	8900,47
775,89	8889,55
776,07	8940,75
776,25	8907,98
776,43	8890,23
776,61	8811,73
776,78	8879,99
776,96	9031,54
777,14	8826,06
777,32	8819,92
777,50	8752,34
777,68	8732,54
777,86	8686,12
778,04	8665,64
778,22	8488,15
778,39	8501,12
778,57	8492,93
778,75	8423,98
778,93	8494,29
779,11	8482,00
779,29	8497,02
779,47	8466,30
779,65	8297,00
779,82	8391,89
780,00	8384,38
780,18	8342,74
780,36	8251,27
780,54	8372,78
780,72	8205,53
780,90	8147,50
781,08	8118,83
781,25	8172,08
781,43	8122,93
781,61	8058,76
781,79	8117,47
781,97	8134,53
782,15	8010,97
782,32	8146,82
782,50	8101,76
782,68	8133,85
782,86	7996,64
783,04	7896,28
783,22	8013,02
783,39	7823,92
783,57	7704,46
783,75	7723,57
783,93	7750,20
784,11	7708,55
784,29	7664,18
784,46	7689,44
784,64	7719,48
784,82	7640,29
785,00	7498,98
785,18	7503,76
785,36	7498,30
785,53	7542,67
785,71	7493,52
785,89	7359,72
786,07	7503,76
786,25	7501,71
786,42	7509,22
786,60	7386,34
786,78	7146,05
786,96	7297,60
787,14	7126,93
787,31	7171,99
787,49	7091,43
787,67	6948,76
787,85	7025,90
788,03	7019,07
788,20	6956,27
788,38	6920,77
788,56	6820,42
788,74	6679,79
788,92	6855,92
789,09	6868,20
789,27	6758,30
789,45	6563,06
789,63	6456,56
789,80	6552,82
789,98	6522,78
790,16	6474,31
790,34	6443,59
790,52	6461,34
790,69	6382,15
790,87	6436,08
791,05	6313,20
791,23	6317,98
791,40	6363,04
791,58	6300,23
791,76	6251,77
791,94	6251,08
792,11	6177,36
792,29	6268,15
792,47	6227,87
792,65	6160,97
792,82	6260,64
793,00	6203,98
793,18	6157,56
793,36	6066,08
793,53	6115,23
793,71	6141,18
793,89	5964,37
794,07	6183,50
794,24	6231,97
794,42	6128,21
794,60	6083,15
794,78	6071,54
794,95	6074,28
795,13	5970,51
795,31	6061,99
795,48	6121,38
795,66	6012,84
795,84	6066,08
796,02	5900,20
796,19	5786,19
796,37	5811,45
796,55	5794,39
796,72	5736,36
796,90	5685,16
797,08	5714,52
797,26	5730,90
797,43	5853,09
797,61	5715,88
797,79	5702,91
797,96	5650,35
798,14	5808,04
798,32	5814,18
798,49	5786,88
798,67	5747,97
798,85	5655,81
799,02	5732,95
799,20	5745,24
799,38	5623,72
799,56	5603,93
799,73	5744,55
799,91	5562,97
800,09	5466,71
800,26	5503,57
800,44	5515,18
800,62	5439,40
800,79	5415,51
800,97	5489,92
801,15	5459,88
801,32	5431,90
801,50	5261,91
801,68	5339,74
801,85	5307,65
802,03	5229,15
802,21	5320,62
802,38	5322,67
802,56	5247,58
802,74	5218,22
802,91	5137,67
803,09	5164,98
803,26	5068,72
803,44	5143,81
803,62	5162,93
803,79	5011,38
803,97	5136,31
804,15	5104,90
804,32	5094,66
804,50	5053,70
804,68	5001,14
804,85	5053,02
805,03	5100,81
805,20	4939,70
805,38	5000,46
805,56	5087,15
805,73	5059,17
805,91	4941,07
806,09	5076,23
806,26	5052,34
806,44	5123,34
806,61	5032,54
806,79	5060,53
806,97	5035,27
807,14	5084,42
807,32	5027,08
807,49	5003,87
807,67	4865,29
807,85	5017,52
808,02	4872,12
808,20	5003,87
808,37	4899,42
808,55	4904,20
808,73	4732,86
808,90	4705,55
809,08	4753,34
809,25	4665,27
809,43	4661,18
809,61	4551,27
809,78	4576,53
809,96	4472,08
810,13	4529,42
810,31	4536,93
810,48	4453,65
810,66	4489,15
810,84	4495,29
811,01	4436,58
811,19	4357,39
811,36	4336,23
811,54	4269,33
811,71	4227,69
811,89	4294,59
812,07	4211,99
812,24	4228,37
812,42	4114,37
812,59	4121,88
812,77	4116,42
812,94	3930,73
813,12	3985,35
813,29	3873,39
813,47	3863,83
813,65	3722,52
813,82	3672,69
814,00	3603,06
814,17	3456,97
814,35	3598,28
814,52	3467,89
814,70	3418,06
814,87	3375,05
815,05	3302,01
815,22	3264,46
815,40	3185,96
815,57	3111,55
815,75	3200,98
815,92	3036,46
816,10	3052,16
816,28	2981,84
816,45	2902,65
816,63	2824,15
816,80	2816,64
816,98	2807,08
817,15	2814,59
817,33	2940,20
817,50	2873,98
817,68	2848,72
817,85	2921,77
818,03	2889,68
818,20	2690,35
818,38	2858,96
818,55	2759,98
818,73	2870,57
818,90	2839,85
819,08	2919,04
819,25	2856,92
819,43	2869,89
819,60	2900,61
819,78	2779,78
819,95	2757,93
820,12	2865,11
820,30	2850,09
820,47	2958,63
820,65	3000,96
820,82	3157,29
821,00	3252,86
821,17	3261,73
821,35	3287,67
821,52	3259,68
821,70	3151,14
821,87	3228,28
822,05	3296,55
822,22	3158,65
822,40	3056,25
822,57	3021,44
822,74	2836,44
822,92	2766,81
823,09	2482,14
823,27	2415,92
823,44	2316,94
823,62	2370,18
823,79	2428,21
823,97	2514,91
824,14	2596,14
824,31	2658,95
824,49	2701,27
824,66	2716,29
824,84	2771,58
825,01	2908,80
825,19	2906,07
825,36	3024,17
825,54	3137,49
825,71	3049,43
825,88	3084,24
826,06	2987,99
826,23	2956,58
826,41	3015,98
826,58	2966,82
826,75	3019,39
826,93	3048,74
827,10	3106,09
827,28	2987,30
827,45	3018,71
827,62	2884,22
827,80	2839,85
827,97	2775,00
828,15	2620,72
828,32	2654,85
828,49	2656,22
828,67	2686,25
828,84	2660,31
829,02	2587,27
829,19	2645,98
829,36	2691,03
829,54	2531,29
829,71	2604,33
829,89	2681,47
830,06	2675,33
830,23	2541,53
830,41	2701,27
830,58	2707,41
830,75	2600,24
830,93	2683,52
831,10	2578,39
831,28	2626,18
831,45	2670,55
831,62	2732,67
831,80	2557,91
831,97	2568,84
832,14	2612,53
832,32	2590,00
832,49	2638,47
832,66	2552,45
832,84	2555,18
833,01	2615,94
833,19	2630,96
833,36	2568,84
833,53	2533,34
833,71	2510,13
833,88	2512,86
834,05	2465,75
834,23	2516,27
834,40	2559,28
834,57	2537,43
834,75	2566,79
834,92	2588,63
835,09	2611,84
835,27	2608,43
835,44	2623,45
835,61	2551,77
835,79	2609,11
835,96	2588,63
836,13	2569,52
836,31	2557,91
836,48	2578,39
836,65	2624,81
836,82	2598,87
837,00	2728,58
837,17	2532,65
837,34	2573,61
837,52	2645,98
837,69	2690,35
837,86	2537,43
838,04	2682,16
838,21	2564,06
838,38	2615,94
838,55	2529,92
838,73	2626,86
838,90	2527,88
839,07	2493,74
839,25	2575,66
839,42	2567,47
839,59	2493,06
839,76	2454,15
839,94	2501,25
840,11	2514,22
840,28	2602,29
840,46	2532,65
840,63	2556,55
840,80	2517,64
840,97	2542,89
841,15	2428,89
841,32	2518,32
841,49	2380,42
841,66	2510,81
841,84	2475,31
842,01	2448,69
842,18	2449,37
842,36	2394,76
842,53	2385,88
842,70	2428,21
842,87	2445,96
843,05	2372,91
843,22	2400,90
843,39	2338,78
843,56	2449,37
843,73	2372,91
843,91	2323,08
844,08	2411,14
844,25	2318,30
844,42	2419,33
844,60	2353,12
844,77	2242,53
844,94	2417,29
845,11	2323,08
845,29	2344,24
845,46	2276,66
845,63	2312,16
845,80	2302,60
845,97	2315,57
846,15	2278,71
846,32	2305,33
846,49	2244,57
846,66	2334,00
846,84	2284,85
847,01	2327,86
847,18	2233,65
847,35	2167,43
847,52	2196,79
847,70	2200,20
847,87	2151,05
848,04	2258,23
848,21	2245,94
848,38	2284,85
848,56	2166,07
848,73	2262,32
848,90	2131,94
849,07	2182,45
849,24	2221,36
849,41	2245,94
849,59	2173,58
849,76	2047,29
849,93	2026,81
850,10	2011,11
850,27	1988,58
850,44	1969,46
850,62	1876,62
850,79	1979,02
850,96	2038,41
851,13	1910,07
851,30	2015,20
851,47	1985,16
851,65	1902,56
851,82	1875,26
851,99	1944,89
852,16	2042,51
852,33	1980,39
852,50	1929,87
852,68	1953,08
852,85	1961,27
853,02	1974,92
853,19	1943,52
853,36	1916,22
853,53	1920,99
853,70	1885,50
853,88	1832,25
854,05	1817,91
854,22	1838,39
854,39	1720,29
854,56	1750,33
854,73	1620,63
854,90	1628,82
855,07	1654,76
855,25	1557,14
855,42	1625,40
855,59	1587,86
855,76	1632,91
855,93	1623,36
856,10	1680,02
856,27	1722,34
856,44	1763,98
856,61	1608,34
856,79	1746,92
856,96	1716,88
857,13	1710,74
857,30	1701,18
857,47	1793,34
857,64	1763,30
857,81	1757,16
857,98	1631,55
858,15	1701,18
858,32	1649,98
858,50	1716,88
858,67	1692,99
858,84	1694,35
859,01	1772,18
859,18	1776,27
859,35	1658,17
859,52	1684,11
859,69	1687,53
859,86	1651,35
860,03	1701,18
860,20	1697,77
860,37	1565,33
860,54	1686,84
860,71	1672,51
860,89	1582,40
861,06	1556,46
861,23	1667,73
861,40	1604,24
861,57	1588,54
861,74	1616,53
861,91	1684,11
862,08	1515,50
862,25	1521,64
862,42	1509,35
862,59	1578,30
862,76	1624,04
862,93	1501,16
863,10	1499,80
863,27	1510,04
863,44	1497,75
863,61	1447,91
863,78	1480,00
863,95	1455,42
864,12	1475,90
864,29	1523,69
864,46	1455,42
864,63	1556,46
864,80	1384,43
864,97	1448,60
865,14	1537,34
865,32	1386,47
865,49	1393,98
865,66	1439,72
865,83	1406,27
866,00	1434,26
866,17	1464,98
866,34	1393,30
866,51	1319,57
866,68	1320,26
866,85	1288,86
867,02	1242,43
867,19	1236,29
867,36	1259,50
867,53	1244,48
867,70	1173,49
867,86	1299,09
868,03	1277,93
868,20	1251,99
868,37	1291,59
868,54	1226,05
868,71	1331,18
868,88	1239,70
869,05	1266,33
869,22	1314,80
869,39	1279,98
869,56	1348,25
869,73	1255,40
869,90	1295,68
870,07	1277,93
870,24	1230,83
870,41	1187,14
870,58	1157,78
870,75	1249,94
870,92	1171,44
871,09	1256,09
871,26	1198,74
871,43	1305,24
871,60	1259,50
871,77	1185,09
871,94	1166,66
872,11	1123,65
872,28	1181,68
872,44	1203,52
872,61	1254,04
872,78	1124,33
872,95	1181,00
873,12	1165,98
873,29	1129,11
873,46	1169,39
873,63	1133,21
873,80	1116,14
873,97	1094,98
874,14	1142,77
874,31	1143,45
874,48	1137,31
874,64	1028,08
874,81	1099,76
874,98	1141,40
875,15	1129,80
875,32	1098,39
875,49	1131,84
875,66	1145,50
875,83	1099,76
876,00	1053,34
876,17	1004,19
876,34	1020,57
876,50	1128,43
876,67	975,52
876,84	1090,88
877,01	1004,19
877,18	996,68
877,35	1026,72
877,52	1049,93
877,69	972,10
877,85	1045,15
878,02	1026,72
878,19	1004,19
878,36	948,21
878,53	976,88
878,70	1070,40
878,87	956,40
879,04	897,69
879,20	894,96
879,37	935,92
879,54	1028,76
879,71	968,69
879,88	892,23
880,05	988,49
880,22	884,72
880,38	952,31
880,55	933,87
880,72	894,96
880,89	954,35
881,06	922,95
881,23	884,72
881,40	914,76
881,56	793,25
881,73	823,28
881,90	866,97
882,07	836,94
882,24	929,78
882,41	819,87
882,57	815,77
882,74	865,61
882,91	873,80
883,08	849,22
883,25	877,21
883,41	824,65
883,58	871,07
883,75	864,93
883,92	849,91
884,09	902,47
884,26	838,30
884,42	757,75
884,59	773,45
884,76	789,15
884,93	670,37
885,10	838,98
885,26	755,70
885,43	841,03
885,60	683,34
885,77	825,33
885,93	808,26
886,10	721,57
886,27	824,65
886,44	733,17
886,61	744,10
886,77	746,83
886,94	722,93
887,11	789,83
887,28	769,35
887,45	731,12
887,61	689,48
887,78	759,80
887,95	729,76
888,12	669,69
888,28	776,18
888,45	696,31
888,62	662,86
888,79	686,75
888,95	673,10
889,12	638,28
889,29	712,69
889,46	666,27
889,62	723,62
