Pendel
 Offset Messung

0.025 -0.155 -0.024
0.050 -0.222 -0.024
0.075 -0.222 -0.073
0.100 -0.222 -0.073
0.125 -0.155 -0.146
0.150 -0.200 -0.097
0.175 -0.222 -0.024
0.200 -0.133 -0.049
0.225 -0.155 -0.097
0.250 -0.155 -0.073
0.275 -0.133 -0.121
0.300 -0.222 -0.073
0.325 -0.178 -0.097
0.350 -0.111 -0.121
0.375 -0.178 -0.097
0.400 -0.133 -0.121
0.425 -0.089 -0.073
0.450 -0.133 -0.097
0.475 -0.111 -0.146
0.500 -0.155 -0.097
0.525 -0.111 -0.146
0.550 -0.222 -0.146
0.575 -0.133 -0.049
0.600 -0.067 -0.073
0.625 -0.133 -0.024
0.650 -0.178 0.000
0.675 -0.133 -0.097
0.700 -0.178 -0.097
0.725 -0.089 -0.170
0.750 -0.155 -0.146
0.775 -0.155 -0.097
0.808 -0.155 -0.097
0.833 -0.155 -0.073
0.858 -0.222 -0.049
0.883 -0.133 -0.121
0.908 -0.155 -0.097
0.933 -0.111 -0.097
0.958 -0.067 -0.121
0.983 -0.133 -0.073
1.008 -0.178 -0.097
1.033 -0.222 -0.049
1.058 -0.200 -0.073
1.083 -0.155 -0.170
1.108 -0.155 -0.146
1.133 -0.155 -0.121
1.158 -0.178 -0.024
1.183 -0.200 -0.073
1.208 -0.133 -0.097
1.233 -0.111 -0.121
1.258 -0.133 -0.146
1.283 -0.178 -0.024
1.308 -0.133 -0.121
1.333 -0.178 -0.073
1.358 -0.200 -0.146
1.383 -0.155 -0.049
1.408 -0.133 -0.097
1.433 -0.111 -0.097
1.458 -0.178 -0.024
1.483 -0.133 -0.146
1.508 -0.089 -0.097
1.533 -0.133 -0.073
1.558 -0.155 -0.073
1.583 -0.067 -0.097
1.608 -0.178 0.000
1.633 -0.222 0.000
1.658 -0.111 -0.121
1.683 -0.155 -0.049
1.708 -0.111 -0.170
1.733 -0.089 -0.146
1.758 -0.089 -0.170
1.783 -0.111 -0.121
1.808 -0.089 -0.097
1.833 -0.244 -0.024
1.858 -0.155 -0.121
1.883 -0.200 -0.073
1.908 -0.155 -0.121
1.933 -0.155 -0.146
1.958 -0.111 -0.146
1.983 -0.178 -0.097
2.008 -0.089 -0.097
2.033 -0.155 -0.073
2.058 -0.155 -0.097
2.083 -0.111 -0.146
2.108 -0.200 -0.097
2.133 -0.222 -0.097
2.158 -0.133 -0.146
2.183 -0.067 -0.121
2.208 -0.089 -0.170
2.233 -0.178 -0.073
2.258 -0.133 -0.073
2.283 -0.222 0.000
2.308 -0.111 -0.024
2.333 -0.067 -0.097
2.358 -0.200 -0.049
2.383 -0.133 -0.049
2.408 -0.178 -0.097
2.433 -0.200 -0.049
2.458 -0.111 -0.121
2.483 -0.089 -0.097
2.508 -0.155 -0.073
2.533 -0.155 -0.049
2.558 -0.111 -0.073
2.583 -0.178 -0.049
2.608 -0.178 -0.024
2.633 -0.222 0.000
2.658 -0.222 -0.049
2.683 -0.089 -0.146
2.708 -0.111 -0.121
2.733 -0.133 -0.121
2.758 -0.178 -0.073
2.783 -0.155 -0.049
2.808 -0.089 -0.073
2.833 -0.155 -0.121
2.858 -0.222 -0.073
2.883 -0.178 -0.097
2.908 -0.111 -0.097
2.933 -0.111 -0.121
2.958 -0.111 -0.121
2.983 -0.111 -0.121
3.008 -0.200 -0.073
3.033 -0.133 -0.121
3.058 -0.133 -0.121
3.083 -0.178 -0.049
3.108 -0.089 -0.073
3.133 -0.111 0.000
3.158 -0.155 -0.121
3.183 -0.178 -0.049
3.208 -0.155 -0.024
3.233 -0.178 0.000
3.258 -0.155 -0.073
3.283 -0.089 -0.073
3.308 -0.044 -0.146
3.333 -0.133 -0.073
3.358 -0.133 -0.073
3.383 -0.133 -0.097
3.408 -0.155 -0.097
3.433 -0.178 -0.049
3.458 -0.178 0.000
3.483 -0.133 -0.049
3.508 -0.178 -0.073
3.533 -0.178 -0.049
3.558 -0.133 -0.073
3.583 -0.111 -0.146
3.608 -0.067 -0.194
3.633 -0.089 -0.146
3.658 -0.111 -0.146
3.683 -0.133 -0.049
3.708 -0.133 -0.097
3.733 -0.200 -0.049
3.758 -0.044 -0.097
3.783 -0.155 -0.024
3.808 -0.155 -0.024
3.833 -0.222 0.024
3.858 -0.155 -0.049
3.883 -0.155 -0.146
3.908 -0.111 -0.121
3.933 -0.200 -0.024
3.958 -0.200 0.024
3.983 -0.200 -0.073
4.008 -0.178 -0.121
4.033 -0.200 -0.049
4.058 -0.111 -0.097
4.083 -0.155 -0.073
4.108 -0.111 -0.073
4.133 -0.133 -0.097
4.158 -0.089 -0.073
4.183 -0.155 -0.073
4.208 -0.155 -0.097
4.233 -0.200 -0.049
4.258 -0.111 -0.121
4.283 -0.200 -0.073
4.308 -0.178 -0.049
4.333 -0.178 -0.146
4.358 -0.222 -0.146
4.383 -0.244 -0.121
4.408 -0.178 -0.097
4.433 -0.200 -0.049
4.458 -0.133 -0.049
4.483 -0.133 -0.121
4.508 -0.067 -0.121
4.533 -0.111 -0.097
4.558 -0.178 -0.024
4.583 -0.178 0.000
4.608 -0.200 -0.024
4.633 -0.200 -0.024
4.658 -0.111 -0.097
4.683 -0.133 -0.073
4.708 -0.133 -0.097
4.733 -0.111 -0.146
4.758 -0.133 -0.049
4.783 -0.089 -0.049
4.808 -0.111 -0.024
4.833 -0.133 -0.024
4.858 -0.200 -0.049
4.883 -0.244 -0.024
4.908 -0.155 -0.097
4.933 -0.111 -0.049
4.958 -0.178 -0.121
4.983 -0.244 -0.073
5.008 -0.244 -0.073
5.033 -0.178 -0.097
5.058 -0.178 -0.024
5.083 -0.178 -0.024
5.108 -0.200 0.000
5.133 -0.133 -0.073
5.158 -0.089 -0.170
5.183 -0.200 -0.049
5.208 -0.155 -0.049
5.233 -0.178 -0.049
5.258 -0.178 -0.049
5.283 -0.133 -0.121
5.308 -0.200 -0.073
5.333 -0.222 0.000
5.358 -0.200 -0.024
5.383 -0.200 -0.024
5.408 -0.067 -0.121
5.433 -0.111 -0.097
5.458 -0.089 -0.121
5.483 -0.200 -0.024
5.508 -0.244 -0.024
5.533 -0.178 0.000
5.558 -0.133 -0.073
5.583 -0.133 -0.073
5.608 -0.133 -0.146
5.633 -0.133 -0.097
5.658 -0.222 -0.049
5.683 -0.155 -0.097
5.708 -0.133 -0.097
5.733 -0.244 -0.024
5.758 -0.089 -0.097
5.783 -0.133 -0.049
5.808 -0.133 -0.097
5.833 -0.111 -0.073
5.858 -0.089 -0.121
5.883 -0.133 -0.049
5.908 -0.178 -0.073
5.933 -0.155 -0.073
5.958 -0.133 -0.121
5.983 -0.111 -0.146
6.008 -0.200 -0.097
6.033 -0.178 -0.121
6.058 -0.178 -0.073
6.083 -0.133 -0.121
6.108 -0.133 -0.097
6.133 -0.200 -0.049
6.158 -0.200 -0.097
6.183 -0.200 -0.073
6.208 -0.178 -0.097
6.233 -0.089 -0.024
6.258 -0.155 -0.073
6.283 -0.133 0.000
6.308 -0.200 -0.121
6.333 -0.155 -0.097
6.358 -0.111 -0.146
6.383 -0.155 -0.073
6.408 -0.178 -0.073
6.433 -0.155 -0.097
6.458 -0.178 -0.073
6.483 -0.222 -0.024
6.508 -0.222 -0.024
6.533 -0.178 -0.049
6.558 -0.133 -0.049
6.583 -0.178 -0.049
6.608 -0.089 -0.146
6.633 -0.155 -0.097
6.658 -0.089 -0.121
6.683 -0.133 -0.049
6.708 -0.133 -0.097
6.733 -0.178 -0.073
6.758 -0.222 -0.073
6.783 -0.200 -0.121
6.808 -0.244 -0.097
6.833 -0.178 -0.097
6.858 -0.222 -0.049
6.883 -0.266 -0.073
6.908 -0.111 -0.097
6.933 -0.200 -0.073
6.958 -0.155 -0.097
6.983 -0.200 -0.024
7.008 -0.222 -0.049
7.033 -0.244 -0.049
7.058 -0.133 -0.097
7.083 -0.222 0.000
7.108 -0.111 -0.073
7.133 -0.133 -0.097
7.158 -0.067 -0.121
7.183 -0.178 -0.049
7.208 -0.222 -0.049
7.233 -0.133 -0.073
7.258 -0.133 -0.024
7.283 -0.089 -0.049
7.308 -0.155 -0.024
7.333 -0.111 -0.024
7.358 -0.111 -0.097
7.383 -0.155 -0.049
7.408 -0.155 -0.049
7.433 -0.200 -0.073
7.458 -0.111 -0.097
7.483 -0.133 -0.121
7.508 -0.133 -0.146
7.533 -0.111 -0.097
7.558 -0.133 -0.024
7.583 -0.178 -0.024
7.608 -0.155 -0.024
7.633 -0.155 -0.049
7.658 -0.178 -0.146
7.683 -0.200 -0.097
7.708 -0.200 -0.121
7.733 -0.111 -0.121
7.758 -0.133 -0.073
7.783 -0.089 -0.097
7.808 -0.155 -0.024
7.833 -0.133 -0.049
7.858 -0.089 -0.073
7.883 -0.133 -0.146
7.908 -0.155 -0.097
7.933 -0.133 -0.097
7.958 -0.089 -0.121
7.983 -0.155 -0.049
8.008 -0.111 -0.097
8.033 -0.155 -0.073
8.058 -0.155 -0.121
8.083 -0.178 -0.024
8.108 -0.155 -0.073
8.133 -0.133 -0.121
8.158 -0.155 -0.097
8.183 -0.155 -0.073
8.208 -0.111 -0.146
8.233 -0.200 -0.049
8.258 -0.200 -0.073
8.283 -0.111 -0.146
8.308 -0.155 -0.097
8.333 -0.155 -0.049
8.358 -0.111 -0.146
8.383 -0.266 -0.073
8.408 -0.178 -0.097
8.433 -0.111 -0.049
8.458 -0.178 -0.049
8.483 -0.244 0.000
8.508 -0.200 -0.121
8.533 -0.200 -0.073
8.558 -0.111 -0.121
8.583 -0.133 -0.049
8.608 -0.133 -0.097
8.633 -0.133 -0.146
8.658 -0.133 -0.146
8.683 -0.155 -0.073
8.708 -0.067 -0.073
8.733 -0.067 -0.073
8.758 -0.089 -0.121
8.783 -0.067 -0.097
8.808 -0.067 -0.146
8.833 -0.133 -0.121
8.858 -0.111 -0.073
8.883 -0.111 -0.073
8.908 -0.200 -0.049
8.933 -0.244 -0.049
8.958 -0.222 -0.049
8.983 -0.178 -0.121
9.008 -0.155 -0.024
9.033 -0.155 -0.024
9.058 -0.200 -0.049
9.083 -0.200 -0.049
9.108 -0.067 -0.170
9.133 -0.155 -0.073
9.158 -0.111 -0.146
9.183 -0.178 -0.049
9.208 -0.155 -0.049
9.233 -0.133 -0.049
9.258 -0.133 -0.073
9.283 -0.111 -0.097
9.308 -0.133 -0.049
9.333 -0.133 -0.121
9.358 -0.133 -0.073
9.383 -0.178 -0.097
9.408 -0.178 -0.121
9.433 -0.133 -0.073
9.458 -0.089 -0.121
9.483 -0.178 -0.097
9.508 -0.089 -0.146
9.533 -0.133 -0.073
9.558 -0.133 0.000
9.583 -0.155 -0.024
9.608 -0.178 -0.073
9.633 -0.200 -0.024
9.658 -0.111 -0.121
9.683 -0.111 -0.097
9.708 -0.155 -0.097
9.733 -0.200 -0.097
9.758 -0.178 -0.121
9.783 -0.155 -0.121
9.808 -0.067 -0.097
9.833 -0.111 -0.049
9.858 -0.089 -0.121
9.883 -0.178 -0.097
9.908 -0.178 -0.170
9.933 -0.200 -0.073
9.958 -0.178 -0.049
9.983 -0.155 -0.073
10.008 -0.133 -0.024
10.033 -0.155 -0.049
10.058 -0.111 -0.121
10.083 -0.133 -0.049
10.108 -0.155 -0.121
10.133 -0.178 -0.121
10.158 -0.178 -0.073
10.183 -0.155 -0.097
10.208 -0.178 -0.170
10.233 -0.200 -0.049
10.258 -0.133 -0.121
10.283 -0.178 -0.121
10.308 -0.178 -0.049
10.333 -0.133 -0.146
10.358 -0.111 -0.170
10.383 -0.178 -0.097
10.408 -0.178 -0.097
10.433 -0.111 -0.097
10.458 -0.067 -0.121
10.483 -0.133 -0.097
10.508 -0.244 -0.073
10.533 -0.266 0.000
10.558 -0.222 -0.024
10.583 -0.200 0.000
10.608 -0.155 -0.073
10.633 -0.133 -0.073
10.658 -0.111 -0.170
10.683 -0.133 -0.073
10.708 -0.089 -0.049
10.733 -0.200 -0.049
10.758 -0.222 -0.024
10.783 -0.222 -0.024
10.808 -0.089 -0.073
10.833 -0.200 -0.121
10.858 -0.133 -0.121
10.883 -0.178 -0.049
10.908 -0.178 -0.073
10.933 -0.111 -0.146
10.958 -0.178 -0.024
10.983 -0.155 -0.024
11.008 -0.133 0.000
11.033 -0.200 -0.073
11.058 -0.155 -0.121
11.083 -0.178 -0.097
11.108 -0.133 -0.097
11.133 -0.089 -0.097
11.158 -0.133 -0.073
11.183 -0.155 -0.073
11.208 -0.111 -0.073
11.233 -0.133 -0.121
11.258 -0.178 -0.097
11.283 -0.178 0.000
11.308 -0.111 -0.073
11.333 -0.200 0.000
11.358 -0.133 -0.073
11.383 -0.178 -0.073
11.408 -0.155 -0.146
11.433 -0.222 -0.049
11.458 -0.178 -0.097
11.483 -0.200 -0.073
11.508 -0.155 -0.024
11.533 -0.133 -0.097
11.558 -0.089 -0.170
11.583 -0.155 -0.097
11.608 -0.133 -0.097
11.633 -0.133 -0.073
11.658 -0.133 -0.121
11.683 -0.178 -0.049
11.708 -0.111 -0.097
11.733 -0.133 -0.049
11.758 -0.155 -0.121
11.783 -0.089 -0.097
11.808 -0.089 -0.097
11.833 -0.200 -0.024
11.858 -0.200 0.024
11.883 -0.133 -0.073
11.908 -0.089 -0.121
11.933 -0.178 -0.073
11.958 -0.155 0.000
11.983 -0.133 0.024
12.008 -0.089 -0.097
12.033 -0.178 -0.097
12.058 -0.200 -0.024
12.083 -0.222 -0.024
12.108 -0.133 -0.121
12.133 -0.200 -0.073
12.158 -0.222 -0.073
12.183 -0.200 -0.049
12.208 -0.155 -0.073
12.233 -0.155 -0.073
12.258 -0.200 -0.049
12.283 -0.178 -0.146
12.308 -0.200 -0.097
12.333 -0.155 -0.073
12.358 -0.111 -0.097
12.383 -0.155 -0.049
12.408 -0.178 -0.121
12.433 -0.089 -0.121
12.458 -0.178 -0.049
12.483 -0.178 -0.049
12.508 -0.111 -0.097
12.533 -0.111 -0.097
12.558 -0.133 -0.097
12.583 -0.178 -0.024
12.608 -0.133 -0.049
12.633 -0.111 -0.097
12.658 -0.133 -0.073
12.683 -0.178 -0.049
12.708 -0.178 -0.073
12.733 -0.222 -0.073
12.758 -0.178 -0.049
12.783 -0.155 -0.097
12.808 -0.155 -0.097
12.833 -0.111 -0.049
12.858 -0.178 -0.049
12.883 -0.133 -0.097
12.908 -0.155 -0.024
12.933 -0.111 -0.073
12.958 -0.222 -0.024
12.983 -0.244 -0.024
13.008 -0.222 -0.049
13.033 -0.155 -0.073
13.058 -0.200 -0.097
13.083 -0.133 -0.146
13.108 -0.155 -0.146
13.133 -0.133 -0.146
13.158 -0.155 -0.146
13.183 -0.111 -0.121
13.208 -0.089 -0.121
13.233 -0.133 -0.097
13.258 -0.222 -0.121
13.283 -0.244 -0.073
13.308 -0.155 -0.121
13.333 -0.133 -0.049
13.358 -0.155 -0.121
13.383 -0.089 -0.170
13.408 -0.200 -0.097
13.433 -0.178 -0.097
13.458 -0.133 -0.146
13.483 -0.178 -0.049
13.508 -0.178 -0.097
13.533 -0.155 -0.049
13.558 -0.178 0.000
13.583 -0.178 -0.049
13.608 -0.222 -0.073
13.633 -0.178 -0.097
13.658 -0.178 -0.073
13.683 -0.155 -0.073
13.708 -0.155 -0.049
13.733 -0.200 -0.024
13.758 -0.155 -0.024
13.783 -0.133 -0.121
13.808 -0.200 -0.024
13.833 -0.155 -0.024
13.858 -0.111 -0.024
13.883 -0.133 -0.073
13.908 -0.111 -0.097
13.933 -0.111 -0.049
13.958 -0.178 -0.049
13.983 -0.133 -0.049
14.008 -0.155 -0.073
14.033 -0.089 -0.146
14.058 -0.133 -0.146
14.083 -0.200 -0.049
14.108 -0.089 -0.073
14.133 -0.155 -0.049
14.158 -0.178 -0.097
14.183 -0.133 -0.097
14.208 -0.178 -0.024
14.233 -0.222 -0.049
14.258 -0.222 -0.049
14.283 -0.200 -0.049
14.308 -0.222 -0.024
14.333 -0.155 -0.121
14.358 -0.178 -0.049
14.383 -0.111 -0.073
14.408 -0.178 0.000
14.433 -0.155 -0.049
14.458 -0.111 -0.121
14.483 -0.155 -0.024
14.508 -0.200 0.000
14.533 -0.133 -0.049
14.558 -0.178 0.000
14.583 -0.155 -0.024
14.608 -0.200 -0.049
14.633 -0.133 -0.121
14.658 -0.089 -0.049
14.683 -0.089 -0.073
14.708 -0.111 -0.073
14.733 -0.089 -0.146
14.758 -0.133 -0.121
14.783 -0.111 -0.097
14.808 -0.111 -0.073
14.833 -0.133 -0.024
14.858 -0.155 -0.024
14.883 -0.155 -0.073
14.908 -0.178 -0.121
14.933 -0.089 -0.146
14.958 -0.089 -0.073
14.983 -0.155 -0.097
15.008 -0.200 -0.073
15.033 -0.133 -0.121
15.058 -0.244 -0.049
15.083 -0.155 -0.097
15.108 -0.089 -0.049
15.133 -0.133 -0.024
15.158 -0.178 -0.024
15.183 -0.111 -0.024
15.208 -0.178 0.000
15.233 -0.111 -0.121
15.258 -0.222 -0.049
15.283 -0.089 -0.146
15.308 -0.155 -0.049
15.333 -0.200 -0.049
15.358 -0.200 0.000
15.383 -0.200 -0.073
15.408 -0.200 -0.049
15.433 -0.178 -0.049
15.458 -0.111 -0.073
15.483 -0.133 -0.073
15.508 -0.133 -0.049
15.533 -0.089 -0.121
15.558 -0.133 -0.121
15.583 -0.133 -0.049
15.608 -0.155 -0.073
15.633 -0.111 -0.073
15.658 -0.133 -0.121
15.683 -0.133 -0.097
15.708 -0.200 -0.121
15.733 -0.133 -0.146
15.758 -0.178 -0.121
15.783 -0.067 -0.073
15.808 -0.133 -0.024
15.833 -0.178 -0.121
15.858 -0.200 -0.097
15.883 -0.178 -0.049
15.908 -0.200 -0.024
15.933 -0.200 -0.073
15.958 -0.178 -0.097
15.983 -0.200 -0.073
16.008 -0.111 -0.097
16.033 -0.133 -0.170
16.058 -0.089 -0.097
16.083 -0.133 -0.049
16.108 -0.155 -0.024
16.133 -0.111 -0.049
16.158 -0.222 -0.073
16.183 -0.200 -0.097
16.208 -0.155 -0.073
16.233 -0.222 -0.097
16.258 -0.089 -0.097
16.283 -0.089 -0.146
16.308 -0.133 -0.073
16.333 -0.044 -0.097
16.358 -0.111 -0.097
16.383 -0.155 -0.073
16.408 -0.111 -0.024
16.433 -0.111 -0.073
16.458 -0.155 -0.121
16.483 -0.133 -0.073
16.508 -0.200 -0.097
16.533 -0.222 -0.073
16.558 -0.222 -0.073
16.583 -0.133 -0.170
16.608 -0.178 -0.024
16.633 -0.200 -0.073
16.658 -0.155 -0.097
16.683 -0.133 -0.170
16.708 -0.178 -0.121
16.733 -0.111 -0.146
16.758 -0.111 -0.097
16.783 -0.111 -0.097
16.808 -0.178 -0.049
16.833 -0.089 -0.097
16.858 -0.155 -0.049
16.883 -0.133 -0.097
16.908 -0.155 -0.024
16.933 -0.089 -0.073
16.958 -0.067 -0.049
16.983 -0.067 -0.073
17.008 -0.133 -0.024
17.033 -0.178 -0.121
17.058 -0.178 -0.097
17.083 -0.155 -0.024
17.108 -0.200 -0.049
17.133 -0.111 -0.121
17.158 -0.155 -0.097
17.183 -0.178 -0.097
17.208 -0.200 -0.049
17.233 -0.178 -0.049
17.258 -0.178 -0.024
17.283 -0.111 -0.097
17.308 -0.155 0.000
17.333 -0.111 -0.073
17.358 -0.155 -0.073
17.383 -0.089 -0.121
17.408 -0.155 -0.097
17.433 -0.200 -0.073
17.458 -0.200 -0.097
17.483 -0.111 -0.073
17.508 -0.089 -0.170
17.533 -0.133 -0.121
17.558 -0.222 -0.024
17.583 -0.155 0.000
17.608 -0.222 0.000
17.633 -0.111 -0.097
17.658 -0.155 -0.073
17.683 -0.089 -0.097
17.708 -0.155 -0.024
17.733 -0.178 -0.097
17.758 -0.200 -0.049
17.783 -0.200 -0.073
17.808 -0.200 0.024
17.833 -0.222 0.000
17.858 -0.155 -0.097
17.883 -0.111 -0.194
17.908 -0.155 -0.097
17.933 -0.111 -0.049
17.958 -0.200 -0.049
17.983 -0.111 -0.121
18.008 -0.178 -0.121
18.033 -0.155 -0.194
18.058 -0.111 -0.121
18.083 -0.133 -0.049
18.108 -0.178 -0.097
18.133 -0.133 -0.121
18.158 -0.133 -0.049
18.183 -0.111 -0.121
18.208 -0.155 -0.024
18.233 -0.200 -0.024
18.258 -0.178 -0.073
18.283 -0.089 -0.121
18.308 -0.222 -0.024
18.333 -0.133 -0.097
18.358 -0.222 -0.049
18.383 -0.222 -0.097
18.408 -0.133 -0.073
18.433 -0.155 -0.073
18.458 -0.222 -0.024
18.483 -0.155 -0.121
18.508 -0.178 -0.073
18.533 -0.200 -0.073
18.558 -0.155 -0.097
18.583 -0.155 0.000
18.608 -0.178 -0.073
18.633 -0.155 -0.049
18.658 -0.155 -0.049
18.683 -0.200 -0.073
18.708 -0.244 -0.024
18.733 -0.200 -0.049
18.758 -0.133 -0.024
18.783 -0.111 -0.097
18.808 -0.178 -0.024
18.833 -0.155 -0.121
18.858 -0.222 -0.024
18.883 -0.111 -0.097
18.908 -0.111 -0.073
18.933 -0.133 -0.073
18.958 -0.155 -0.073
18.983 -0.133 -0.146
19.008 -0.111 -0.024
19.033 -0.178 -0.073
19.058 -0.200 -0.073
19.083 -0.111 -0.121
19.108 -0.133 -0.146
19.133 -0.133 -0.073
19.158 -0.155 -0.049
19.183 -0.200 -0.073
19.208 -0.222 -0.073
19.233 -0.222 -0.073
19.258 -0.200 -0.097
19.283 -0.155 -0.073
19.308 -0.155 -0.073
19.333 -0.178 -0.049
19.358 -0.178 -0.073
19.383 -0.178 -0.024
19.408 -0.133 -0.121
19.433 -0.178 -0.121
19.458 -0.111 -0.073
19.483 -0.178 -0.073
19.508 -0.067 -0.121
19.533 -0.089 -0.146
19.558 -0.178 -0.024
19.583 -0.155 -0.097
19.608 -0.200 -0.073
19.633 -0.155 -0.121
19.658 -0.178 -0.097
19.683 -0.200 -0.097
19.708 -0.133 -0.121
19.733 -0.089 -0.121
19.758 -0.111 -0.049
19.783 -0.111 -0.024
19.808 -0.133 -0.024
19.833 -0.089 -0.024
19.858 -0.200 -0.049
19.883 -0.155 -0.049
19.908 -0.111 -0.073
19.933 -0.155 -0.097
19.958 -0.178 0.000
19.983 -0.178 -0.097
20.008 -0.200 -0.024
20.033 -0.178 -0.073
20.058 -0.178 -0.024
20.083 -0.155 -0.073
20.108 -0.178 -0.073
20.133 -0.067 -0.170
20.158 -0.089 -0.073
20.183 -0.111 -0.121
20.208 -0.133 -0.121
20.233 -0.178 -0.073
20.258 -0.111 -0.024
20.283 -0.133 -0.097
20.308 -0.133 -0.073
20.333 -0.178 -0.097
20.358 -0.178 -0.073
20.383 -0.089 -0.121
20.408 -0.178 -0.073
20.433 -0.089 -0.073
20.458 -0.111 -0.073
20.483 -0.200 -0.097
20.508 -0.222 -0.024
20.533 -0.178 -0.073
20.558 -0.178 -0.049
20.583 -0.155 -0.073
20.608 -0.200 -0.024
20.633 -0.155 -0.024
20.658 -0.111 -0.049
20.683 -0.133 -0.146
20.708 -0.111 -0.073
20.733 -0.155 -0.097
20.758 -0.133 -0.073
20.783 -0.155 -0.097
20.808 -0.200 0.024
20.833 -0.178 -0.097
20.858 -0.067 -0.121
20.883 -0.044 -0.121
20.908 -0.155 -0.049
20.933 -0.178 -0.049
20.958 -0.178 -0.024
20.983 -0.089 -0.073
21.008 -0.133 -0.073
21.033 -0.133 -0.049
21.058 -0.111 -0.049
21.083 -0.111 -0.121
21.108 -0.133 -0.049
21.133 -0.111 -0.097
21.158 -0.155 -0.049
21.183 -0.200 -0.049
21.208 -0.133 -0.049
21.233 -0.155 -0.024
21.258 -0.155 -0.073
21.283 -0.089 -0.121
21.308 -0.178 -0.049
21.333 -0.111 -0.146
21.358 -0.178 -0.073
21.383 -0.200 -0.121
21.408 -0.133 -0.146
21.433 -0.133 -0.097
21.458 -0.178 0.000
21.483 -0.133 -0.049
21.508 -0.200 -0.049
21.533 -0.133 -0.121
21.558 -0.067 -0.097
21.583 -0.133 -0.121
21.608 -0.111 -0.073
21.633 -0.178 -0.049
21.658 -0.178 0.000
21.683 -0.200 -0.024
21.708 -0.155 -0.121
21.733 -0.133 -0.121
21.758 -0.178 -0.049
21.783 -0.133 -0.097
21.808 -0.133 -0.073
21.833 -0.111 -0.097
21.858 -0.111 -0.097
21.883 -0.044 -0.121
21.908 -0.089 -0.073
21.933 -0.155 -0.097
21.958 -0.178 -0.049
21.983 -0.200 -0.073
22.008 -0.155 -0.073
22.033 -0.222 -0.049
22.058 -0.155 -0.097
22.083 -0.200 -0.073
22.108 -0.133 -0.049
22.133 -0.111 -0.097
22.158 -0.111 -0.024
22.183 -0.200 -0.024
22.208 -0.200 -0.049
22.233 -0.155 -0.073
22.258 -0.155 -0.049
22.283 -0.178 -0.049
22.308 -0.178 -0.024
22.333 -0.155 -0.049
22.358 -0.133 -0.024
22.383 -0.222 -0.073
22.408 -0.155 -0.146
22.433 -0.178 -0.073
22.458 -0.200 -0.073
22.483 -0.133 -0.121
22.508 -0.178 -0.073
22.533 -0.155 -0.097
22.558 -0.155 -0.073
22.583 -0.200 -0.097
22.608 -0.200 -0.049
22.633 -0.133 -0.121
22.658 -0.111 -0.121
22.683 -0.178 -0.073
22.708 -0.111 -0.121
22.733 -0.133 -0.097
22.758 -0.178 0.000
22.783 -0.089 -0.097
22.808 -0.155 -0.073
22.833 -0.089 -0.121
22.858 -0.178 -0.073
22.883 -0.155 -0.073
22.908 -0.200 -0.049
22.933 -0.089 -0.121
22.958 -0.155 -0.073
22.983 -0.133 -0.121
23.008 -0.133 -0.073
23.033 -0.133 -0.073
23.058 -0.155 -0.024
23.083 -0.133 -0.073
23.108 -0.200 -0.049
23.133 -0.200 -0.073
23.158 -0.200 -0.073
23.183 -0.155 -0.024
23.208 -0.133 -0.121
23.233 -0.200 -0.049
23.258 -0.178 -0.121
23.283 -0.111 -0.097
23.308 -0.133 -0.073
23.333 -0.111 -0.121
23.358 -0.244 -0.049
23.383 -0.222 -0.073
23.408 -0.200 -0.097
23.433 -0.200 -0.073
23.458 -0.155 -0.097
23.483 -0.155 -0.073
23.508 -0.178 0.000
23.533 -0.111 -0.097
23.558 -0.222 -0.024
23.583 -0.200 0.000
23.608 -0.222 -0.024
23.633 -0.155 -0.097
23.658 -0.200 -0.097
23.683 -0.133 -0.049
23.708 -0.133 -0.049
23.733 -0.089 -0.073
23.758 -0.178 -0.049
23.783 -0.155 -0.121
23.808 -0.155 -0.049
23.833 -0.200 0.024
23.858 -0.155 -0.049
23.883 -0.133 -0.073
23.908 -0.133 -0.073
23.933 -0.089 -0.073
23.958 -0.133 -0.049
23.983 -0.133 -0.097
24.008 -0.155 -0.121
24.033 -0.155 -0.121
24.058 -0.178 -0.073
24.083 -0.178 -0.073
24.108 -0.178 -0.073
24.133 -0.155 -0.097
24.158 -0.200 -0.024
24.183 -0.200 -0.024
24.208 -0.222 0.000
24.233 -0.111 -0.121
24.258 -0.111 -0.073
24.283 -0.155 -0.049
24.308 -0.155 -0.073
24.333 -0.155 -0.073
24.358 -0.133 -0.024
24.383 -0.200 -0.049
24.408 -0.200 -0.049
24.433 -0.155 -0.194
24.458 -0.067 -0.073
24.483 -0.155 -0.049
24.508 -0.155 -0.121
24.533 -0.111 -0.073
24.558 -0.133 -0.097
24.583 -0.133 -0.097
24.608 -0.133 -0.097
24.633 -0.133 -0.146
24.658 -0.178 -0.097
24.683 -0.133 -0.073
24.708 -0.178 -0.097
24.733 -0.200 -0.073
24.758 -0.178 -0.121
24.783 -0.133 -0.146
24.808 -0.111 -0.097
24.833 -0.089 -0.121
24.858 -0.111 -0.097
24.883 -0.133 -0.146
24.908 -0.111 -0.121
24.933 -0.155 -0.121
24.958 -0.155 -0.024
24.983 -0.089 -0.170
25.008 -0.111 -0.097
25.033 -0.178 -0.097
25.058 -0.155 -0.073
25.083 -0.178 -0.097
25.108 -0.155 0.000
25.133 -0.133 -0.121
25.158 -0.111 -0.097
25.183 -0.089 -0.097
25.208 -0.089 -0.097
25.233 -0.089 -0.121
25.258 -0.111 -0.073
25.283 -0.155 -0.049
25.308 -0.178 -0.049
25.333 -0.222 -0.146
25.358 -0.200 -0.097
25.383 -0.178 -0.024
25.408 -0.200 -0.049
25.433 -0.133 -0.097
25.458 -0.133 -0.097
25.483 -0.200 -0.049
25.508 -0.200 0.000
25.533 -0.133 -0.097
25.558 -0.155 -0.049
25.583 -0.111 -0.073
25.608 -0.155 -0.073
25.633 -0.133 -0.049
25.658 -0.155 -0.024
25.683 -0.089 -0.170
25.708 -0.200 0.000
25.733 -0.178 -0.049
25.758 -0.244 -0.049
25.783 -0.155 -0.049
25.808 -0.155 -0.073
25.833 -0.133 -0.097
25.858 -0.089 -0.073
25.883 -0.178 -0.073
25.908 -0.089 -0.097
25.933 -0.067 -0.073
25.958 -0.089 -0.097
25.983 -0.133 -0.121
26.008 -0.155 -0.097
26.033 -0.133 -0.073
26.058 -0.178 -0.024
26.083 -0.155 -0.024
26.108 -0.133 0.000
26.133 -0.089 -0.024
26.158 -0.089 -0.073
26.183 -0.155 -0.097
26.208 -0.133 -0.097
26.233 -0.133 -0.097
26.258 -0.089 -0.073
26.283 -0.133 -0.049
26.308 -0.111 -0.073
26.333 -0.155 -0.049
26.358 -0.089 -0.073
26.383 -0.178 -0.073
26.408 -0.200 -0.073
26.433 -0.133 -0.024
26.458 -0.133 -0.049
26.483 -0.155 -0.073
26.508 -0.155 -0.097
26.533 -0.155 -0.097
26.558 -0.155 -0.097
26.583 -0.111 -0.097
26.608 -0.089 -0.121
26.633 -0.111 -0.121
26.658 -0.133 -0.097
26.683 -0.111 -0.121
26.708 -0.133 -0.073
26.733 -0.111 -0.049
26.758 -0.178 -0.073
26.783 -0.155 -0.073
26.808 -0.244 -0.049
26.833 -0.200 -0.049
26.858 -0.200 -0.097
26.883 -0.111 -0.097
26.908 -0.111 -0.049
26.933 -0.089 -0.073
26.958 -0.111 -0.049
26.983 -0.133 -0.097
27.008 -0.200 -0.073
27.033 -0.067 -0.121
27.058 -0.111 -0.097
27.083 -0.111 -0.097
27.108 -0.155 -0.097
27.133 -0.111 -0.121
27.158 -0.133 -0.073
27.183 -0.178 -0.049
27.208 -0.155 -0.146
27.233 -0.133 -0.049
27.258 -0.155 -0.049
27.283 -0.200 -0.073
27.308 -0.133 -0.073
27.333 -0.044 -0.146
27.358 -0.111 -0.097
27.383 -0.089 -0.121
27.408 -0.133 -0.073
27.433 -0.155 -0.049
27.458 -0.178 -0.097
27.483 -0.200 -0.097
27.508 -0.089 -0.097
27.533 -0.178 -0.024
27.558 -0.222 -0.097
27.583 -0.133 -0.097
27.608 -0.155 -0.024
27.633 -0.155 -0.073
27.658 -0.200 -0.073
27.683 -0.133 -0.097
27.708 -0.178 -0.049
27.733 -0.133 -0.097
27.758 -0.089 -0.146
27.783 -0.155 -0.097
27.808 -0.178 -0.049
27.833 -0.155 -0.049
27.858 -0.178 -0.024
27.883 -0.178 -0.073
27.908 -0.155 0.000
27.933 -0.133 -0.146
27.958 -0.133 -0.146
27.983 -0.111 -0.121
28.008 -0.133 -0.121
28.033 -0.133 -0.024
28.058 -0.155 -0.024
28.083 -0.155 -0.024
28.108 -0.178 -0.049
28.133 -0.133 -0.097
28.158 -0.089 -0.097
28.183 -0.155 -0.024
28.208 -0.155 -0.024
28.233 -0.178 -0.049
28.258 -0.111 -0.073
28.283 -0.178 -0.073
28.308 -0.155 -0.097
28.333 -0.178 -0.073
28.358 -0.133 -0.049
28.383 -0.155 -0.073
28.408 -0.178 -0.121
28.433 -0.178 -0.097
28.458 -0.089 -0.121
28.483 -0.111 -0.121
28.508 -0.178 -0.097
28.533 -0.155 -0.170
28.558 -0.222 -0.049
28.583 -0.155 -0.073
28.608 -0.133 -0.097
28.633 -0.089 -0.097
28.658 -0.133 -0.097
28.683 -0.111 -0.097
28.708 -0.133 -0.146
28.733 -0.178 -0.073
28.758 -0.155 -0.073
28.783 -0.155 -0.073
28.808 -0.155 0.000
28.833 -0.133 -0.073
28.858 -0.178 -0.121
28.883 -0.155 -0.049
28.908 -0.178 -0.097
28.933 -0.155 -0.049
28.958 -0.222 -0.073
28.983 -0.200 -0.097
29.008 -0.155 0.000
29.033 -0.111 -0.073
29.058 -0.200 -0.073
29.083 -0.155 -0.073
29.108 -0.133 -0.097
29.133 -0.155 -0.170
29.158 -0.155 -0.121
29.183 -0.178 -0.121
29.208 -0.222 -0.073
29.233 -0.155 -0.121
29.258 -0.155 -0.146
29.283 -0.067 -0.146
29.308 -0.111 -0.073
29.333 -0.111 -0.146
29.358 -0.133 -0.024
29.383 -0.089 -0.073
29.408 -0.044 -0.073
29.433 -0.155 -0.024
29.458 -0.155 -0.024
29.483 -0.178 -0.049
29.508 -0.222 -0.049
29.533 -0.155 -0.097
29.558 -0.089 -0.170
29.583 -0.178 -0.073
29.608 -0.111 -0.073
29.633 -0.178 -0.024
29.658 -0.089 -0.024
29.683 -0.155 -0.073
29.708 -0.155 -0.049
29.733 -0.155 -0.073
29.758 -0.178 -0.073
29.783 -0.155 -0.073
29.808 -0.133 -0.073
29.833 -0.178 -0.024
29.858 -0.089 -0.073
29.883 -0.111 -0.097
29.908 -0.155 -0.024
29.933 -0.178 -0.097
29.958 -0.111 -0.073
29.983 -0.155 -0.097
30.008 -0.133 -0.073
30.033 -0.155 -0.049
30.058 -0.155 -0.073
30.083 -0.089 -0.097
30.108 -0.178 -0.049
30.133 -0.178 -0.073
30.158 -0.133 -0.097
30.183 -0.178 -0.024
30.208 -0.111 -0.049
30.233 -0.133 -0.073
30.258 -0.133 -0.097
30.283 -0.111 -0.097
30.308 -0.155 -0.097
30.333 -0.200 -0.024
30.358 -0.222 -0.024
30.383 -0.155 0.000
30.408 -0.178 -0.049
30.433 -0.133 -0.073
30.458 -0.200 -0.049
30.483 -0.178 -0.097
30.508 -0.133 -0.073
30.533 -0.155 -0.097
30.558 -0.155 -0.024
30.583 -0.133 -0.121
30.608 -0.178 -0.024
30.633 -0.111 -0.073
30.658 -0.133 -0.121
30.683 -0.111 -0.146
30.708 -0.111 -0.146
30.733 -0.133 -0.121
30.758 -0.067 -0.073
30.783 -0.089 -0.121
30.808 -0.111 -0.073
30.833 -0.200 -0.049
30.858 -0.178 -0.024
30.883 -0.133 -0.121
30.908 -0.155 -0.073
30.933 -0.089 -0.049
30.958 -0.133 -0.121
30.983 -0.222 -0.049
31.008 -0.200 -0.049
31.033 -0.155 -0.073
31.058 -0.089 -0.146
31.083 -0.133 -0.073
31.108 -0.111 -0.097
31.133 -0.155 -0.049
31.158 -0.178 -0.073
31.183 -0.200 -0.097
31.208 -0.111 -0.073
31.233 -0.178 -0.073
31.258 -0.044 -0.097
31.283 -0.133 -0.073
31.308 -0.222 -0.024
31.333 -0.155 -0.097
31.358 -0.067 -0.146
31.383 -0.133 -0.073
31.408 -0.133 -0.097
31.433 -0.200 -0.049
31.458 -0.111 -0.121
31.483 -0.200 -0.049
31.508 -0.178 -0.073
31.533 -0.133 0.000
31.558 -0.155 -0.024
31.583 -0.111 0.024
31.608 -0.089 -0.097
31.633 -0.089 0.000
31.658 -0.200 -0.049
31.683 -0.178 -0.073
31.708 -0.133 -0.097
31.733 -0.155 -0.073
31.758 -0.200 -0.097
31.783 -0.155 -0.049
31.808 -0.133 -0.073
31.833 -0.222 -0.024
31.858 -0.155 -0.121
31.883 -0.200 -0.049
31.908 -0.155 -0.097
31.933 -0.200 -0.121
31.958 -0.244 -0.049
31.983 -0.222 -0.146
32.008 -0.200 -0.097
32.033 -0.155 -0.097
32.058 -0.178 -0.049
32.083 -0.178 -0.049
32.108 -0.155 -0.073
32.133 -0.178 -0.024
32.158 -0.155 -0.073
32.183 -0.155 -0.073
32.208 -0.089 -0.121
32.233 -0.155 -0.049
32.258 -0.111 -0.073
32.283 -0.111 -0.097
32.308 -0.111 -0.097
32.333 -0.178 -0.073
32.358 -0.178 -0.024
32.383 -0.133 0.000
32.408 -0.133 -0.097
32.433 -0.155 -0.073
32.458 -0.133 -0.121
32.483 -0.178 -0.049
32.508 -0.133 -0.146
32.533 -0.178 -0.024
32.558 -0.111 -0.097
32.583 -0.178 -0.073
32.608 -0.178 -0.024
32.633 -0.178 0.000
32.658 -0.089 -0.024
32.683 -0.133 -0.049
32.708 -0.111 -0.097
32.733 -0.200 -0.097
32.758 -0.200 -0.097
32.783 -0.200 -0.049
32.808 -0.222 -0.049
32.833 -0.178 -0.049
32.858 -0.155 -0.049
32.883 -0.089 -0.049
32.908 -0.155 -0.097
32.933 -0.200 -0.049
32.958 -0.178 -0.073
32.983 -0.155 -0.049
33.008 -0.155 -0.049
33.033 -0.111 -0.049
33.058 -0.133 -0.097
33.083 -0.200 -0.024
33.108 -0.133 -0.073
33.133 -0.200 -0.097
33.158 -0.200 -0.049
33.183 -0.111 -0.024
33.208 -0.089 -0.121
33.233 -0.089 -0.097
33.258 -0.133 -0.073
33.283 -0.155 -0.049
33.308 -0.133 -0.097
33.333 -0.244 -0.097
33.358 -0.111 -0.121
33.383 -0.155 -0.073
33.408 -0.111 -0.073
33.433 -0.111 -0.073
33.458 -0.089 -0.170
33.483 -0.089 -0.121
33.508 -0.155 -0.073
33.533 -0.178 -0.073
33.558 -0.178 -0.024
33.583 -0.200 -0.024
33.608 -0.133 -0.097
33.633 -0.155 -0.049
33.658 -0.178 -0.024
33.683 -0.155 -0.073
33.708 -0.133 -0.073
33.733 -0.178 -0.024
33.758 -0.178 -0.024
33.783 -0.178 0.049
33.808 -0.178 0.000
33.833 -0.200 -0.049
33.858 -0.133 -0.097
33.883 -0.155 -0.121
33.908 -0.133 -0.073
33.933 -0.178 -0.049
33.958 -0.178 -0.121
33.983 -0.155 -0.073
34.008 -0.178 -0.073
34.033 -0.178 -0.097
34.058 -0.089 -0.073
34.083 -0.067 -0.073
34.108 -0.133 -0.073
34.133 -0.133 -0.121
34.158 -0.089 -0.146
34.183 -0.111 -0.097
34.208 -0.155 -0.097
34.233 -0.155 -0.049
34.258 -0.111 -0.073
34.283 -0.133 -0.049
34.308 -0.111 -0.024
34.333 -0.200 -0.024
34.358 -0.178 -0.073
34.383 -0.244 -0.024
34.408 -0.155 -0.097
34.433 -0.155 -0.073
34.458 -0.111 -0.097
34.483 -0.178 -0.073
34.508 -0.155 -0.097
34.533 -0.155 -0.097
34.558 -0.155 -0.073
34.583 -0.178 -0.049
34.608 -0.200 -0.024
34.633 -0.178 -0.097
34.658 -0.178 -0.073
34.683 -0.133 -0.049
34.708 -0.111 -0.097
34.733 -0.089 -0.097
34.758 -0.111 -0.073
34.783 -0.155 -0.049
34.808 -0.133 -0.097
34.833 -0.178 -0.121
34.858 -0.155 -0.097
34.883 -0.178 -0.146
34.908 -0.133 -0.170
34.933 -0.178 -0.073
34.958 -0.178 -0.073
34.983 -0.200 -0.024
35.008 -0.266 -0.049
35.033 -0.200 -0.073
35.058 -0.111 -0.073
35.083 -0.111 -0.121
35.108 -0.155 -0.024
35.133 -0.200 -0.049
35.158 -0.178 -0.073
35.183 -0.178 -0.024
35.208 -0.200 -0.073
35.233 -0.178 -0.097
35.258 -0.155 -0.049
35.283 -0.200 -0.097
35.308 -0.133 -0.049
35.333 -0.155 -0.073
35.358 -0.111 -0.121
35.383 -0.133 -0.073
35.408 -0.111 -0.170
35.433 -0.133 -0.170
35.458 -0.155 -0.097
35.483 -0.222 -0.049
35.508 -0.155 -0.024
35.533 -0.222 -0.049
35.558 -0.222 -0.049
35.583 -0.200 -0.024
35.608 -0.200 -0.024
35.633 -0.178 -0.073
35.658 -0.133 -0.097
35.683 -0.155 -0.097
35.708 -0.111 -0.121
35.733 -0.089 -0.073
35.758 -0.155 -0.073
35.783 -0.222 -0.073
35.808 -0.178 -0.121
35.833 -0.155 -0.097
35.858 -0.111 -0.121
35.883 -0.155 -0.097
35.908 -0.178 -0.073
35.933 -0.222 -0.073
35.958 -0.200 -0.121
35.983 -0.178 -0.121
36.008 -0.178 -0.121
36.033 -0.133 -0.121
36.058 -0.133 -0.049
36.083 -0.155 -0.097
36.108 -0.133 -0.121
36.133 -0.155 -0.121
36.158 -0.200 -0.073
36.183 -0.155 -0.049
36.208 -0.089 -0.049
36.233 -0.089 -0.097
36.258 -0.133 -0.146
36.283 -0.155 0.000
36.308 -0.133 -0.049
36.333 -0.133 -0.073
36.358 -0.067 -0.121
36.383 -0.178 -0.049
36.408 -0.111 -0.097
36.433 -0.155 -0.049
36.458 -0.133 -0.097
36.483 -0.133 -0.097
36.508 -0.133 -0.097
36.533 -0.178 -0.097
36.558 -0.133 -0.073
36.583 -0.089 -0.121
36.608 -0.133 -0.097
36.633 -0.133 -0.049
36.658 -0.111 -0.146
36.683 -0.133 -0.097
36.708 -0.155 -0.121
36.733 -0.178 -0.073
36.758 -0.133 -0.049
36.783 -0.222 -0.049
36.808 -0.200 -0.097
36.833 -0.155 -0.073
36.858 -0.089 -0.170
36.883 -0.089 -0.097
36.908 -0.178 -0.073
36.933 -0.155 -0.024
36.958 -0.155 -0.097
36.983 -0.155 -0.073
37.008 -0.155 -0.121
37.033 -0.155 -0.073
37.058 -0.155 -0.049
37.083 -0.155 -0.097
37.108 -0.111 -0.170
37.133 -0.133 -0.121
37.158 -0.200 -0.097
37.183 -0.222 -0.049
37.208 -0.133 -0.097
37.233 -0.200 -0.073
37.258 -0.155 -0.146
37.283 -0.200 -0.049
37.308 -0.178 -0.121
37.333 -0.155 -0.073
37.358 -0.089 -0.097
37.383 -0.200 -0.121
37.408 -0.133 -0.121
37.433 -0.111 -0.097
37.458 -0.111 -0.121
37.483 -0.133 -0.097
37.508 -0.111 -0.073
37.533 -0.200 -0.024
37.558 -0.155 -0.049
37.583 -0.178 -0.073
37.608 -0.178 -0.049
37.633 -0.200 -0.049
37.658 -0.178 -0.049
37.683 -0.133 -0.073
37.708 -0.200 -0.121
37.733 -0.178 -0.121
37.758 -0.178 -0.073
37.783 -0.200 -0.073
37.808 -0.111 -0.121
37.833 -0.111 -0.073
37.858 -0.111 -0.097
37.883 -0.133 -0.049
37.908 -0.178 -0.121
37.933 -0.111 -0.097
37.958 -0.133 -0.121
37.983 -0.133 -0.121
38.008 -0.089 -0.170
38.033 -0.155 -0.049
38.058 -0.089 -0.121
38.083 -0.133 -0.097
38.108 -0.155 -0.049
38.133 -0.178 -0.097
38.158 -0.155 -0.073
38.183 -0.133 -0.121
38.208 -0.111 -0.146
38.233 -0.133 -0.097
38.258 -0.155 -0.097
38.283 -0.155 -0.049
38.308 -0.200 -0.049
38.333 -0.200 -0.049
38.358 -0.067 -0.097
38.383 -0.111 -0.073
38.408 -0.155 -0.024
38.433 -0.133 -0.049
38.458 -0.133 -0.073
38.483 -0.133 -0.049
38.508 -0.111 -0.073
38.533 -0.222 -0.097
38.558 -0.200 -0.097
38.583 -0.178 -0.049
38.608 -0.155 -0.024
38.633 -0.222 0.000
38.658 -0.133 -0.049
38.683 -0.111 -0.073
38.708 -0.111 -0.049
38.733 -0.089 -0.049
38.758 -0.155 -0.024
38.783 -0.133 -0.097
38.808 -0.089 -0.073
38.833 -0.178 0.000
38.858 -0.111 -0.097
38.883 -0.178 -0.049
38.908 -0.178 -0.073
38.933 -0.155 -0.024
38.958 -0.155 -0.146
38.983 -0.155 -0.097
39.008 -0.155 -0.146
39.033 -0.133 -0.121
39.058 -0.133 -0.121
39.083 -0.155 -0.073
39.108 -0.111 -0.097
39.133 -0.133 -0.121
39.158 -0.155 -0.073
39.183 -0.133 -0.073
39.208 -0.133 -0.073
39.233 -0.200 -0.049
39.258 -0.133 -0.097
39.283 -0.133 -0.097
39.308 -0.089 -0.097
39.333 -0.178 -0.049
39.358 -0.133 -0.146
39.383 -0.155 -0.097
39.408 -0.133 -0.121
39.433 -0.200 -0.073
39.458 -0.155 -0.049
39.483 -0.155 -0.073
39.508 -0.089 -0.097
39.533 -0.133 -0.097
39.558 -0.178 -0.049
39.583 -0.178 -0.024
39.608 -0.200 -0.049
39.633 -0.133 -0.073
39.658 -0.178 0.000
39.683 -0.178 -0.024
39.708 -0.133 -0.097
39.733 -0.111 -0.121
39.758 -0.155 -0.073
39.783 -0.178 0.000
39.808 -0.111 -0.073
39.833 -0.178 -0.049
39.858 -0.155 -0.097
39.883 -0.178 -0.073
39.908 -0.155 -0.024
39.933 -0.178 -0.024
39.958 -0.133 -0.049
39.983 -0.178 -0.049
40.008 -0.133 -0.121
40.033 -0.133 -0.146
40.058 -0.133 -0.097
40.083 -0.155 -0.049
40.108 -0.111 -0.024
40.133 -0.200 0.000
40.158 -0.200 -0.073
40.183 -0.178 -0.097
40.208 -0.133 -0.073
40.233 -0.155 -0.073
40.258 -0.111 -0.073
40.283 -0.266 -0.024
40.308 -0.178 -0.073
40.333 -0.200 -0.073
40.358 -0.178 -0.049
40.383 -0.155 -0.073
40.408 -0.155 -0.024
40.433 -0.155 -0.097
40.458 -0.111 -0.097
40.483 -0.178 -0.049
40.508 -0.200 -0.097
40.533 -0.155 -0.073
40.558 -0.111 -0.121
40.583 -0.133 -0.073
40.608 -0.133 -0.097
40.633 -0.155 -0.146
40.658 -0.089 -0.121
40.683 -0.155 -0.024
40.708 -0.111 -0.121
40.733 -0.133 -0.097
40.758 -0.067 -0.073
40.783 -0.155 -0.024
40.808 -0.133 -0.073
40.833 -0.200 -0.024
40.858 -0.178 -0.073
40.883 -0.155 -0.024
40.908 -0.111 -0.097
40.933 -0.200 -0.097
40.958 -0.133 -0.121
40.983 -0.111 -0.073
41.008 -0.089 -0.073
41.033 -0.200 0.024
41.058 -0.111 -0.049
41.083 -0.200 0.000
41.108 -0.133 -0.073
41.133 -0.089 -0.121
41.158 -0.155 -0.073
41.183 -0.111 -0.073
41.208 -0.133 -0.049
41.233 -0.133 -0.024
41.258 -0.133 -0.073
41.283 -0.178 0.000
41.308 -0.089 -0.121
41.333 -0.155 -0.024
41.358 -0.155 -0.097
41.383 -0.111 -0.073
41.408 -0.111 -0.121
41.433 -0.133 -0.146
41.458 -0.178 -0.073
41.483 -0.200 -0.073
41.508 -0.155 -0.097
41.533 -0.133 -0.097
41.558 -0.155 -0.073
41.583 -0.133 -0.097
41.608 -0.155 -0.097
41.633 -0.178 -0.049
41.658 -0.155 -0.121
41.683 -0.200 -0.073
41.708 -0.200 -0.073
41.733 -0.178 -0.073
41.758 -0.133 -0.073
41.783 -0.111 -0.121
41.808 -0.133 -0.049
41.833 -0.133 -0.097
41.858 -0.111 -0.073
41.883 -0.200 0.049
41.908 -0.133 -0.024
41.933 -0.089 -0.097
41.958 -0.111 -0.097
41.983 -0.178 -0.049
42.008 -0.155 -0.121
42.033 -0.155 -0.097
42.058 -0.111 -0.146
42.083 -0.155 -0.073
42.108 -0.111 -0.097
42.133 -0.155 -0.049
42.158 -0.133 -0.073
42.183 -0.111 -0.097
42.208 -0.178 -0.097
42.233 -0.178 -0.097
42.258 -0.089 -0.121
42.283 -0.133 -0.097
42.308 -0.133 -0.073
42.333 -0.200 -0.024
42.358 -0.178 -0.024
42.383 -0.200 -0.049
42.408 -0.133 -0.073
42.433 -0.133 -0.073
42.458 -0.089 -0.073
42.483 -0.155 -0.024
42.508 -0.200 -0.024
42.533 -0.133 -0.097
42.558 -0.111 -0.121
42.583 -0.178 -0.024
42.608 -0.178 -0.073
42.633 -0.178 -0.073
42.658 -0.111 -0.121
42.683 -0.155 -0.049
42.708 -0.155 -0.121
42.733 -0.200 -0.073
42.758 -0.178 -0.024
42.783 -0.178 -0.024
42.808 -0.155 -0.049
42.833 -0.200 -0.049
42.858 -0.155 -0.097
42.883 -0.155 -0.049
42.908 -0.133 -0.073
42.933 -0.155 -0.073
42.958 -0.111 -0.073
42.983 -0.133 -0.049
43.008 -0.133 -0.097
43.033 -0.155 -0.073
43.058 -0.089 -0.097
43.083 -0.222 -0.024
43.108 -0.133 -0.049
43.133 -0.155 0.000
43.158 -0.133 -0.073
43.183 -0.133 -0.073
43.208 -0.178 -0.097
43.233 -0.178 -0.097
43.258 -0.067 -0.073
43.283 -0.155 -0.024
43.308 -0.133 -0.073
43.333 -0.178 -0.024
43.358 -0.111 -0.097
43.383 -0.155 -0.121
43.408 -0.111 -0.073
43.433 -0.044 -0.073
43.458 -0.111 -0.073
43.483 -0.155 -0.097
43.508 -0.111 -0.049
43.533 -0.178 -0.024
43.558 -0.178 -0.024
43.583 -0.133 -0.049
43.608 -0.067 -0.121
43.633 -0.178 -0.073
43.658 -0.133 -0.073
43.683 -0.155 -0.073
43.708 -0.178 -0.073
43.733 -0.155 -0.049
43.758 -0.111 -0.097
43.783 -0.155 -0.073
43.808 -0.133 -0.049
43.833 -0.133 -0.073
43.858 -0.155 -0.121
43.883 -0.111 -0.073
43.908 -0.089 -0.073
43.933 -0.178 -0.049
43.958 -0.178 -0.049
43.983 -0.178 -0.073
44.008 -0.133 -0.170
44.033 -0.178 -0.097
44.058 -0.133 -0.121
44.083 -0.133 -0.073
44.108 -0.133 -0.146
44.133 -0.200 -0.049
44.158 -0.155 -0.073
44.183 -0.155 -0.073
44.208 -0.155 -0.097
44.233 -0.178 -0.049
44.258 -0.155 -0.097
44.283 -0.178 -0.073
44.308 -0.155 -0.024
44.333 -0.155 -0.097
44.358 -0.111 -0.121
44.383 -0.133 -0.073
44.408 -0.111 -0.073
44.433 -0.200 -0.121
44.458 -0.178 -0.121
44.483 -0.133 -0.121
44.508 -0.178 -0.097
44.533 -0.155 -0.049
44.558 -0.155 -0.073
44.583 -0.200 -0.097
44.608 -0.178 -0.073
44.633 -0.178 -0.073
44.658 -0.178 -0.097
44.683 -0.222 -0.049
44.708 -0.178 -0.097
44.733 -0.200 -0.073
44.758 -0.200 -0.146
44.783 -0.200 -0.097
44.808 -0.111 -0.146
44.833 -0.133 -0.049
44.858 -0.155 -0.097
44.883 -0.222 -0.024
44.908 -0.133 -0.049
44.933 -0.178 -0.049
44.958 -0.089 -0.097
44.983 -0.155 -0.049
45.008 -0.133 -0.073
45.033 -0.155 -0.097
45.058 -0.178 -0.097
45.083 -0.222 -0.097
45.108 -0.133 -0.121
45.133 -0.133 -0.049
45.158 -0.178 0.000
45.183 -0.155 -0.121
45.208 -0.089 -0.121
45.233 -0.155 -0.049
45.258 -0.178 -0.049
45.283 -0.178 -0.121
45.308 -0.178 -0.121
45.333 -0.155 -0.073
45.358 -0.133 -0.073
45.383 -0.155 -0.073
45.408 -0.111 -0.121
45.433 -0.155 -0.049
45.458 -0.133 -0.121
45.483 -0.067 -0.097
45.508 -0.155 -0.121
45.533 -0.200 -0.049
45.558 -0.155 -0.073
45.583 -0.244 -0.024
45.608 -0.222 -0.097
45.633 -0.200 -0.097
45.658 -0.178 -0.121
45.683 -0.222 -0.073
45.708 -0.111 -0.097
45.733 -0.155 -0.097
45.758 -0.089 -0.097
45.783 -0.155 -0.073
45.808 -0.133 -0.121
45.833 -0.178 -0.097
45.858 -0.133 -0.121
45.883 -0.155 -0.146
45.908 -0.178 -0.097
45.933 -0.178 -0.073
45.958 -0.178 -0.024
45.983 -0.155 0.000
46.008 -0.133 -0.073
46.033 -0.155 -0.049
46.058 -0.155 -0.121
46.083 -0.155 -0.049
46.108 -0.044 -0.146
46.133 -0.089 -0.073
46.158 -0.133 -0.097
46.183 -0.133 -0.097
46.208 -0.111 -0.121
46.233 -0.200 -0.073
46.258 -0.178 -0.049
46.283 -0.111 -0.121
46.308 -0.200 -0.073
46.333 -0.111 -0.049
46.358 -0.178 -0.049
46.383 -0.133 -0.049
46.408 -0.178 -0.049
46.433 -0.178 -0.073
46.458 -0.178 -0.097
46.483 -0.178 -0.073
46.508 -0.155 -0.073
46.533 -0.111 -0.049
46.558 -0.111 -0.024
46.583 -0.200 -0.024
46.608 -0.178 -0.049
46.633 -0.133 -0.073
46.658 -0.067 -0.121
46.683 -0.067 -0.073
46.708 -0.155 -0.097
46.733 -0.178 -0.049
46.758 -0.089 -0.146
46.783 -0.155 -0.121
46.808 -0.133 -0.073
46.833 -0.133 0.000
46.858 -0.222 -0.073
46.883 -0.155 -0.049
46.908 -0.111 -0.073
46.933 -0.155 -0.024
46.958 -0.111 -0.097
46.983 -0.155 -0.073
47.008 -0.133 -0.049
47.033 -0.178 -0.121
47.058 -0.133 -0.121
47.083 -0.155 -0.121
47.108 -0.178 -0.097
47.133 -0.133 -0.073
47.158 -0.155 -0.073
47.183 -0.133 -0.049
47.208 -0.111 -0.121
47.233 -0.111 -0.121
47.258 -0.089 -0.073
47.283 -0.155 -0.073
47.308 -0.155 -0.097
47.333 -0.178 -0.049
47.358 -0.178 -0.097
47.383 -0.178 -0.049
47.408 -0.111 -0.121
47.433 -0.133 -0.049
47.458 -0.155 -0.024
47.483 -0.133 -0.024
47.508 -0.133 -0.049
47.533 -0.133 -0.073
47.558 -0.111 -0.121
47.583 -0.178 -0.073
47.608 -0.155 -0.049
47.633 -0.178 -0.097
47.658 -0.133 -0.073
47.683 -0.133 -0.097
47.708 -0.111 -0.097
47.733 -0.133 -0.073
47.758 -0.133 -0.121
47.783 -0.111 -0.073
47.808 -0.089 -0.146
47.833 -0.200 -0.097
47.858 -0.155 -0.121
47.883 -0.200 -0.049
47.908 -0.178 -0.073
47.933 -0.200 -0.073
47.958 -0.155 -0.146
47.983 -0.200 -0.073
48.008 -0.178 -0.049
48.033 -0.133 -0.024
48.058 -0.133 -0.073
48.083 -0.111 -0.049
48.108 -0.133 -0.121
48.133 -0.155 -0.073
48.158 -0.155 -0.049
48.183 -0.200 -0.073
48.208 -0.111 -0.097
48.233 -0.111 -0.097
48.258 -0.155 -0.146
48.283 -0.133 -0.146
48.308 -0.111 -0.073
48.333 -0.155 -0.073
48.358 -0.178 -0.049
48.383 -0.111 -0.097
48.408 -0.111 -0.073
48.433 -0.178 -0.049
48.458 -0.178 -0.049
48.483 -0.178 -0.024
48.508 -0.111 -0.024
48.533 -0.133 -0.049
48.558 -0.155 -0.073
48.583 -0.178 0.000
48.608 -0.044 -0.049
48.633 -0.133 -0.097
48.658 -0.111 -0.049
48.683 -0.155 -0.097
48.708 -0.111 -0.073
48.733 -0.155 -0.073
48.758 -0.133 -0.097
48.783 -0.200 -0.073
48.808 -0.178 -0.121
48.833 -0.178 -0.073
48.858 -0.155 -0.073
48.883 -0.178 -0.097
48.908 -0.155 -0.097
48.933 -0.178 -0.073
48.958 -0.133 -0.146
48.983 -0.155 -0.049
49.008 -0.178 -0.073
49.033 -0.178 -0.073
49.058 -0.178 -0.024
49.083 -0.133 -0.073
49.108 -0.133 -0.073
49.133 -0.111 -0.073
49.158 -0.067 -0.097
49.183 -0.133 -0.073
49.208 -0.155 -0.049
49.233 -0.200 0.000
49.258 -0.133 -0.073
49.283 -0.133 -0.146
49.308 -0.089 -0.121
49.333 -0.222 -0.073
49.358 -0.155 -0.097
49.383 -0.155 0.000
49.408 -0.178 -0.073
49.433 -0.155 0.000
49.458 -0.111 -0.073
49.483 -0.133 -0.049
49.508 -0.200 -0.049
49.533 -0.200 -0.073
49.558 -0.133 -0.097
49.583 -0.200 -0.049
49.608 -0.111 -0.073
49.633 -0.133 -0.049
49.658 -0.133 -0.073
49.683 -0.133 -0.049
49.708 -0.155 -0.049
49.733 -0.133 -0.097
49.758 -0.044 -0.097
49.783 -0.111 -0.073
49.808 -0.111 -0.073
49.833 -0.111 -0.097
49.858 -0.133 -0.121
49.883 -0.111 -0.097
49.908 -0.155 -0.121
49.933 -0.178 -0.024
49.958 -0.133 -0.097
49.983 -0.178 -0.097
50.008 -0.133 -0.097
50.033 -0.155 -0.146
50.058 -0.178 -0.146
50.083 -0.155 -0.073
50.108 -0.111 -0.097
50.133 -0.111 -0.049
50.158 -0.089 -0.097
50.183 -0.089 -0.097
50.208 -0.133 -0.097
50.233 -0.155 -0.049
50.258 -0.133 -0.049
50.283 -0.200 -0.049
50.308 -0.133 -0.121
50.333 -0.178 -0.049
50.358 -0.111 -0.073
50.383 -0.178 -0.073
50.408 -0.111 -0.121
50.433 -0.200 -0.024
50.458 -0.133 -0.121
50.483 -0.155 -0.097
50.508 -0.178 -0.049
50.533 -0.155 -0.024
50.558 -0.133 -0.073
50.583 -0.178 -0.097
50.608 -0.200 -0.073
50.633 -0.155 -0.121
50.658 -0.133 -0.097
50.683 -0.111 -0.097
50.708 -0.133 -0.121
50.733 -0.133 -0.073
50.758 -0.155 -0.073
50.783 -0.133 -0.024
50.808 -0.133 -0.097
50.833 -0.178 -0.049
50.858 -0.155 -0.049
50.883 -0.155 -0.049
50.908 -0.155 -0.024
50.933 -0.178 -0.049
50.958 -0.178 -0.097
50.983 -0.222 -0.049
51.008 -0.111 -0.121
51.033 -0.111 -0.097
51.058 -0.133 -0.049
51.083 -0.133 -0.121
51.108 -0.089 -0.073
51.133 -0.155 0.000
51.158 -0.111 -0.073
51.183 -0.200 -0.097
51.208 -0.133 -0.121
51.233 -0.178 -0.049
51.258 -0.111 -0.073
51.283 -0.133 -0.097
51.308 -0.133 -0.097
51.333 -0.155 -0.024
51.358 -0.111 -0.073
51.383 -0.133 -0.049
51.408 -0.133 -0.024
51.433 -0.155 -0.024
51.458 -0.089 -0.121
51.483 -0.200 -0.073
51.508 -0.133 -0.146
51.533 -0.200 -0.049
51.558 -0.155 -0.121
51.583 -0.178 -0.073
51.608 -0.133 -0.121
51.633 -0.133 -0.073
51.658 -0.178 -0.073
51.683 -0.133 0.000
51.708 -0.133 -0.049
51.733 -0.155 -0.073
51.758 -0.155 -0.097
51.783 -0.200 -0.073
51.808 -0.178 -0.097
51.833 -0.155 -0.024
51.858 -0.178 -0.121
51.883 -0.178 -0.049
51.908 -0.222 -0.097
51.933 -0.200 -0.097
51.958 -0.178 -0.146
51.983 -0.155 -0.097
52.008 -0.133 -0.097
52.033 -0.133 -0.097
52.058 -0.155 -0.049
52.083 -0.200 -0.024
52.108 -0.178 -0.073
52.133 -0.178 -0.073
52.158 -0.155 -0.121
52.183 -0.178 -0.024
52.208 -0.155 -0.049
52.233 -0.178 -0.073
52.258 -0.155 -0.049
52.283 -0.178 0.000
52.308 -0.133 -0.097
52.333 -0.200 -0.049
52.358 -0.089 -0.097
52.383 -0.111 -0.097
52.408 -0.089 -0.146
52.433 -0.111 -0.073
52.458 -0.155 -0.049
52.483 -0.200 -0.073
52.508 -0.111 -0.121
52.533 -0.200 -0.097
52.558 -0.089 -0.073
52.583 -0.155 0.024
52.608 -0.178 -0.049
52.633 -0.178 -0.097
52.658 -0.133 -0.097
52.683 -0.133 -0.146
52.708 -0.133 -0.073
52.733 -0.133 -0.049
52.758 -0.067 -0.097
52.783 -0.155 -0.049
52.808 -0.089 -0.097
52.833 -0.089 -0.121
52.858 -0.155 -0.121
52.883 -0.200 -0.049
52.908 -0.178 -0.024
52.933 -0.155 -0.049
52.958 -0.133 -0.049
52.983 -0.155 -0.049
53.008 -0.200 -0.073
53.033 -0.111 -0.097
53.058 -0.111 -0.097
53.083 -0.111 -0.073
53.108 -0.111 -0.121
53.133 -0.200 -0.049
53.158 -0.133 -0.097
53.183 -0.155 -0.121
53.208 -0.111 -0.121
53.233 -0.133 -0.049
53.258 -0.178 0.000
53.283 -0.200 -0.024
53.308 -0.178 -0.194
53.333 -0.133 -0.121
53.358 -0.155 -0.073
53.383 -0.155 -0.024
53.408 -0.111 -0.024
53.433 -0.178 -0.097
53.458 -0.155 -0.073
53.483 -0.178 -0.049
53.508 -0.133 -0.049
53.533 -0.178 -0.024
53.558 -0.155 -0.097
53.583 -0.155 -0.073
53.608 -0.133 -0.121
53.633 -0.178 -0.073
53.658 -0.133 -0.097
53.683 -0.155 -0.097
53.708 -0.178 -0.073
53.733 -0.133 -0.073
53.758 -0.155 -0.049
53.783 -0.133 0.024
53.808 -0.200 -0.073
53.833 -0.222 -0.024
53.858 -0.178 -0.073
53.883 -0.178 0.000
53.908 -0.155 -0.097
53.933 -0.178 -0.049
53.958 -0.133 -0.097
53.983 -0.155 -0.097
54.008 -0.133 -0.097
54.033 -0.155 -0.024
54.058 -0.089 -0.073
54.083 -0.155 -0.097
54.108 -0.133 -0.097
54.133 -0.178 0.024
54.158 -0.089 -0.024
54.183 -0.155 -0.024
54.208 -0.155 -0.097
54.233 -0.178 -0.073
54.258 -0.155 -0.073
54.283 -0.178 -0.049
54.308 -0.200 -0.073
54.333 -0.111 -0.097
54.358 -0.133 -0.121
54.383 -0.111 -0.097
54.408 -0.133 -0.097
54.433 -0.222 -0.073
54.458 -0.222 -0.097
54.483 -0.200 -0.024
54.508 -0.200 -0.049
54.533 -0.178 -0.049
54.558 -0.133 -0.097
54.583 -0.178 -0.049
54.608 -0.089 -0.146
54.633 -0.155 -0.073
54.658 -0.178 -0.073
54.683 -0.155 -0.073
54.708 -0.200 -0.097
54.733 -0.178 -0.049
54.758 -0.155 -0.097
54.783 -0.111 -0.146
54.808 -0.133 -0.146
54.833 -0.178 -0.073
54.858 -0.089 -0.097
54.883 -0.089 -0.049
54.908 -0.178 -0.073
54.933 -0.200 -0.024
54.958 -0.133 -0.170
54.983 -0.178 -0.097
55.008 -0.111 -0.146
55.033 -0.133 -0.073
55.058 -0.089 -0.097
55.083 -0.067 -0.073
55.108 -0.089 -0.097
55.133 -0.155 -0.073
55.158 -0.111 -0.073
55.183 -0.133 0.000
55.208 -0.200 -0.049
55.233 -0.178 -0.049
55.258 -0.155 -0.073
55.283 -0.133 -0.049
55.308 -0.111 -0.073
55.333 -0.133 -0.073
55.358 -0.111 -0.097
55.383 -0.067 -0.073
55.408 -0.111 -0.097
55.433 -0.178 -0.097
55.458 -0.155 -0.049
55.483 -0.155 -0.024
55.508 -0.133 -0.073
55.533 -0.155 -0.073
55.558 -0.133 -0.073
55.583 -0.133 -0.073
55.608 -0.089 -0.121
55.633 -0.155 -0.073
55.658 -0.133 -0.121
55.683 -0.178 -0.073
55.708 -0.155 -0.049
55.733 -0.155 -0.073
55.758 -0.089 -0.073
55.783 -0.155 -0.097
55.808 -0.155 -0.073
55.833 -0.155 -0.049
55.858 -0.178 0.024
55.883 -0.178 -0.049
55.908 -0.178 -0.049
55.933 -0.266 -0.049
55.958 -0.155 -0.121
55.983 -0.155 -0.049
56.008 -0.178 -0.097
56.033 -0.222 -0.024
56.058 -0.155 -0.097
56.083 -0.178 -0.049
56.108 -0.133 -0.097
56.133 -0.111 -0.049
56.158 -0.133 -0.073
56.183 -0.133 -0.073
56.208 -0.133 -0.097
56.233 -0.155 -0.097
56.258 -0.133 -0.121
56.283 -0.111 -0.097
56.308 -0.133 -0.073
56.333 -0.178 -0.024
56.358 -0.133 -0.049
56.383 -0.133 -0.049
56.408 -0.111 -0.121
56.433 -0.200 -0.121
56.458 -0.089 -0.097
56.483 -0.155 -0.097
56.508 -0.155 -0.073
56.533 -0.178 -0.073
56.558 -0.155 -0.049
56.583 -0.089 -0.121
56.608 -0.133 -0.121
56.633 -0.200 -0.073
56.658 -0.133 -0.097
56.683 -0.178 -0.049
56.708 -0.178 -0.097
56.733 -0.178 -0.073
56.758 -0.089 -0.121
56.783 -0.155 -0.146
56.808 -0.111 -0.121
56.833 -0.111 -0.121
56.858 -0.178 -0.024
56.883 -0.133 -0.024
56.908 -0.178 -0.049
56.933 -0.133 -0.097
56.958 -0.155 -0.049
56.983 -0.200 -0.049
57.008 -0.133 -0.146
57.033 -0.155 -0.097
57.058 -0.111 -0.121
57.083 -0.111 -0.146
57.108 -0.155 -0.146
57.133 -0.155 -0.073
57.158 -0.111 -0.121
57.183 -0.133 -0.024
57.208 -0.155 -0.073
57.233 -0.178 -0.024
57.258 -0.200 -0.049
57.283 -0.133 -0.097
57.308 -0.089 -0.170
57.333 -0.155 -0.097
57.358 -0.111 -0.073
57.383 -0.133 -0.073
57.408 -0.178 -0.024
57.433 -0.222 0.000
57.458 -0.155 -0.024
57.483 -0.067 -0.073
57.508 -0.133 -0.024
57.533 -0.089 -0.049
57.558 -0.111 -0.121
57.583 -0.111 -0.121
57.608 -0.067 -0.097
57.633 -0.155 -0.049
57.658 -0.089 -0.121
57.683 -0.111 -0.097
57.708 -0.178 -0.049
57.733 -0.111 -0.097
57.758 -0.089 -0.121
57.783 -0.089 -0.097
57.808 -0.133 -0.049
57.833 -0.178 -0.073
57.858 -0.222 -0.073
57.883 -0.178 -0.097
57.908 -0.089 -0.097
57.933 -0.155 -0.097
57.958 -0.178 -0.097
57.983 -0.178 -0.121
58.008 -0.178 -0.121
58.033 -0.111 -0.121
58.058 -0.133 -0.073
58.083 -0.178 -0.073
58.108 -0.111 -0.049
58.133 -0.155 -0.049
58.158 -0.155 -0.097
58.183 -0.111 0.000
58.208 -0.133 -0.049
58.233 -0.111 -0.097
58.258 -0.178 -0.049
58.283 -0.178 -0.049
58.308 -0.200 0.024
58.333 -0.155 -0.073
58.358 -0.178 -0.073
58.383 -0.155 -0.073
58.408 -0.089 -0.049
58.433 -0.178 -0.024
58.458 -0.111 -0.073
58.483 -0.178 -0.049
58.508 -0.111 -0.073
58.533 -0.178 -0.073
58.558 -0.178 -0.049
58.583 -0.200 -0.024
58.608 -0.111 -0.121
58.633 -0.111 -0.049
58.658 -0.067 -0.049
58.683 -0.111 -0.073
58.708 -0.111 -0.146
58.733 -0.222 -0.049
58.758 -0.155 -0.049
58.783 -0.222 -0.073
58.808 -0.222 -0.024
58.833 -0.133 -0.024
58.858 -0.133 -0.146
58.883 -0.089 -0.170
58.908 -0.089 -0.073
58.933 -0.244 -0.049
58.958 -0.133 -0.097
58.983 -0.178 -0.097
59.008 -0.178 -0.049
59.033 -0.133 -0.049
59.058 -0.089 -0.097
59.083 -0.133 -0.073
59.108 -0.155 -0.049
59.133 -0.133 -0.121
59.158 -0.178 -0.073
59.183 -0.222 -0.121
59.208 -0.133 -0.097
59.233 -0.133 -0.121
59.258 -0.111 -0.121
59.283 -0.111 -0.073
59.308 -0.111 -0.121
59.333 -0.178 -0.073
59.358 -0.155 -0.073
59.383 -0.155 -0.049
59.408 -0.155 -0.024
59.433 -0.222 -0.049
59.458 -0.111 -0.049
59.483 -0.133 -0.049
59.508 -0.178 0.000
59.533 -0.222 -0.073
59.558 -0.155 -0.073
59.583 -0.200 -0.024
59.608 -0.178 -0.049
59.633 -0.178 0.000
59.658 -0.200 -0.073
59.683 -0.222 -0.049
59.708 -0.178 -0.073
59.733 -0.178 -0.049
59.758 -0.155 -0.121
59.783 -0.133 -0.121
59.808 -0.155 -0.024
59.833 -0.178 -0.024
59.858 -0.155 -0.049
59.883 -0.133 -0.121
59.908 -0.155 -0.073
59.933 -0.155 -0.049
59.958 -0.111 -0.073
59.983 -0.178 -0.049
60.008 -0.200 -0.146
60.033 -0.089 -0.146
60.058 -0.133 -0.097
60.083 -0.155 -0.121
60.108 -0.133 -0.073
60.133 -0.200 -0.049
60.158 -0.155 0.000
60.183 -0.200 -0.024
60.208 -0.200 -0.024
60.233 -0.178 -0.097
60.258 -0.155 -0.097
60.283 -0.178 -0.024
60.308 -0.200 0.000
60.333 -0.178 0.024
60.358 -0.089 -0.121
60.383 -0.067 -0.024
60.408 -0.155 -0.073
60.433 -0.222 0.000
60.458 -0.222 -0.049
60.483 -0.155 -0.073
60.508 -0.155 -0.121
60.533 -0.178 -0.121
60.558 -0.178 -0.049
60.583 -0.200 -0.073
60.608 -0.155 -0.073
60.633 -0.111 -0.073
60.658 -0.133 -0.073
60.683 -0.178 -0.073
60.708 -0.133 -0.121
60.733 -0.178 -0.049
60.758 -0.111 -0.121
60.783 -0.089 -0.097
60.808 -0.155 -0.170
60.833 -0.222 -0.097
60.858 -0.155 -0.097
60.883 -0.178 -0.049
60.908 -0.155 -0.097
60.933 -0.155 -0.073
60.958 -0.200 -0.073
60.983 -0.178 -0.049
61.008 -0.111 -0.097
61.033 -0.111 -0.121
61.058 -0.178 -0.121
61.083 -0.178 -0.073
61.108 -0.155 -0.073
61.133 -0.178 -0.073
61.158 -0.133 -0.073
61.183 -0.155 -0.049
61.208 -0.155 -0.097
61.233 -0.155 -0.073
61.258 -0.155 -0.097
61.283 -0.200 -0.049
61.308 -0.178 -0.073
61.333 -0.133 -0.121
61.358 -0.155 -0.097
61.383 -0.155 -0.049
61.408 -0.200 -0.121
61.433 -0.133 -0.146
61.458 -0.178 -0.097
61.483 -0.133 -0.073
61.508 -0.111 -0.049
61.533 -0.155 -0.097
61.558 -0.178 -0.121
61.583 -0.155 -0.097
61.608 -0.133 -0.097
61.633 -0.155 -0.097
61.658 -0.067 -0.073
61.683 -0.067 -0.073
61.708 -0.155 -0.073
61.733 -0.200 -0.097
61.758 -0.133 -0.097
61.783 -0.133 -0.049
61.808 -0.089 -0.097
61.833 -0.155 -0.073
61.858 -0.178 -0.073
61.883 -0.178 -0.024
61.908 -0.178 -0.024
61.933 -0.178 0.024
61.958 -0.155 -0.073
61.983 -0.133 -0.049
62.008 -0.155 -0.073
62.033 -0.155 -0.073
62.058 -0.178 -0.049
62.083 -0.155 -0.049
62.108 -0.178 -0.049
62.133 -0.200 -0.024
62.158 -0.244 -0.024
62.183 -0.244 -0.049
62.208 -0.178 -0.024
62.233 -0.178 -0.024
62.258 -0.067 -0.097
62.283 -0.133 -0.097
62.308 -0.155 -0.170
62.333 -0.178 -0.073
62.358 -0.133 -0.121
62.383 -0.200 -0.049
62.408 -0.155 -0.073
62.433 -0.178 -0.097
62.458 -0.155 -0.073
62.483 -0.155 -0.097
62.508 -0.178 -0.073
62.533 -0.222 -0.097
62.558 -0.178 -0.097
62.583 -0.155 -0.073
62.608 -0.155 -0.073
62.633 -0.111 -0.097
62.658 -0.155 -0.073
62.683 -0.178 -0.073
62.708 -0.111 -0.097
62.733 -0.089 -0.121
62.758 -0.111 -0.073
62.783 -0.200 -0.049
62.808 -0.089 -0.146
62.833 -0.200 -0.049
62.858 -0.133 -0.121
62.883 -0.178 0.000
62.908 -0.155 -0.049
62.933 -0.155 -0.097
62.958 -0.178 -0.073
62.983 -0.200 -0.024
63.008 -0.111 -0.097
63.033 -0.178 -0.073
63.058 -0.133 -0.097
63.083 -0.155 -0.073
63.108 -0.178 -0.073
63.133 -0.089 -0.121
63.158 -0.133 -0.073
63.183 -0.222 -0.097
63.208 -0.178 -0.073
63.233 -0.178 -0.073
63.258 -0.067 -0.097
63.283 -0.155 -0.073
63.308 -0.111 -0.073
63.333 -0.178 -0.073
63.358 -0.178 -0.121
63.383 -0.111 -0.121
63.408 -0.133 -0.146
63.433 -0.155 -0.097
63.458 -0.155 -0.097
63.483 -0.155 -0.024
63.508 -0.155 0.000
63.533 -0.155 -0.073
63.558 -0.133 -0.024
63.583 -0.155 -0.024
63.608 -0.111 -0.049
63.633 -0.178 -0.097
63.658 -0.133 -0.097
63.683 -0.178 -0.121
63.708 -0.222 -0.073
63.733 -0.133 -0.073
63.758 -0.133 -0.097
63.783 -0.200 -0.024
63.808 -0.089 -0.097
63.833 -0.155 -0.073
63.858 -0.133 -0.097
63.883 -0.133 -0.097
63.908 -0.089 -0.170
63.933 -0.155 -0.121
63.958 -0.155 -0.073
63.983 -0.178 0.000
64.008 -0.200 -0.049
64.033 -0.244 -0.024
64.058 -0.067 -0.073
64.083 -0.111 -0.097
64.108 -0.111 -0.121
64.133 -0.200 -0.097
64.158 -0.111 -0.073
64.183 -0.133 -0.049
64.208 -0.111 -0.073
64.233 -0.178 0.000
64.258 -0.155 -0.049
64.283 -0.133 -0.073
64.308 -0.133 -0.073
64.333 -0.111 -0.073
64.358 -0.089 -0.097
64.383 -0.133 -0.097
64.408 -0.133 -0.121
64.433 -0.155 -0.097
64.458 -0.133 -0.073
64.483 -0.111 -0.024
64.508 -0.111 -0.049
64.533 -0.089 -0.121
64.558 -0.155 -0.097
64.583 -0.133 -0.049
64.608 -0.089 -0.146
64.633 -0.133 -0.049
64.658 -0.133 -0.073
64.683 -0.155 -0.049
64.708 -0.200 -0.049
64.733 -0.178 -0.049
64.758 -0.178 -0.073
64.783 -0.133 -0.049
64.808 -0.111 -0.073
64.833 -0.089 -0.097
64.858 -0.133 -0.073
64.883 -0.155 -0.097
64.908 -0.155 -0.073
64.933 -0.155 -0.073
64.958 -0.111 -0.073
64.983 -0.133 -0.073
65.008 -0.111 -0.073
65.033 -0.200 -0.073
65.058 -0.200 -0.073
65.083 -0.178 -0.049
65.108 -0.155 -0.097
65.133 -0.200 -0.073
65.158 -0.111 -0.121
65.183 -0.178 -0.097
65.208 -0.178 -0.097
65.233 -0.178 -0.097
65.258 -0.089 -0.146
65.283 -0.155 -0.121
65.308 -0.178 -0.097
65.333 -0.178 -0.073
65.358 -0.200 -0.097
65.383 -0.178 -0.073
65.408 -0.133 -0.097
65.433 -0.178 -0.049
65.458 -0.133 -0.073
65.483 -0.133 -0.049
65.508 -0.111 -0.097
65.533 -0.200 -0.049
65.558 -0.178 -0.049
65.583 -0.200 -0.073
65.608 -0.133 -0.024
65.633 -0.222 -0.049
65.658 -0.067 -0.121
65.683 -0.089 -0.097
65.708 -0.155 -0.121
65.733 -0.133 -0.073
65.758 -0.133 -0.073
65.783 -0.133 -0.049
65.808 -0.155 -0.049
65.833 -0.155 -0.073
65.858 -0.155 -0.073
65.883 -0.200 -0.049
65.908 -0.133 -0.073
65.933 -0.067 -0.097
65.958 -0.089 -0.097
65.983 -0.178 -0.049
66.008 -0.133 -0.073
66.033 -0.178 -0.121
66.058 -0.111 -0.073
66.083 -0.155 0.024
66.108 -0.155 -0.049
66.133 -0.155 -0.097
66.158 -0.178 -0.146
66.183 -0.133 -0.121
66.208 -0.155 -0.073
66.233 -0.200 -0.049
66.258 -0.178 -0.073
66.283 -0.178 -0.073
66.308 -0.155 -0.073
66.333 -0.133 -0.049
66.358 -0.089 -0.097
66.383 -0.133 -0.097
66.408 -0.155 -0.097
66.433 -0.133 -0.097
66.458 -0.178 -0.073
66.483 -0.089 -0.049
66.508 -0.111 -0.097
66.533 -0.155 -0.097
66.558 -0.178 -0.097
66.583 -0.200 -0.073
66.608 -0.200 -0.097
66.633 -0.155 -0.073
66.658 -0.111 -0.049
66.683 -0.133 -0.073
66.708 -0.178 -0.024
66.733 -0.155 -0.024
66.758 -0.111 -0.024
66.783 -0.133 -0.024
66.808 -0.089 -0.024
66.833 -0.178 -0.049
66.858 -0.089 -0.121
66.883 -0.155 -0.097
66.908 -0.111 -0.073
66.933 -0.111 -0.049
66.958 -0.178 -0.049
66.983 -0.133 -0.073
67.008 -0.155 -0.049
67.033 -0.155 -0.049
67.058 -0.155 -0.073
67.083 -0.200 -0.024
67.108 -0.155 -0.097
67.133 -0.244 -0.073
67.158 -0.155 -0.097
67.183 -0.178 -0.049
67.208 -0.155 -0.024
67.233 -0.111 -0.024
67.258 -0.133 -0.024
67.283 -0.155 -0.024
67.308 -0.111 -0.073
67.333 -0.155 -0.097
67.358 -0.200 -0.146
67.383 -0.155 -0.073
67.408 -0.089 -0.097
67.433 -0.178 -0.073
67.458 -0.133 -0.121
67.483 -0.111 -0.073
67.508 -0.133 -0.097
67.533 -0.133 -0.121
67.558 -0.111 -0.049
67.583 -0.178 -0.073
67.608 -0.111 -0.121
67.633 -0.178 -0.097
67.658 -0.155 -0.097
67.683 -0.089 -0.121
67.708 -0.111 -0.121
67.733 -0.155 -0.073
67.758 -0.155 -0.121
67.783 -0.133 -0.049
67.808 -0.089 -0.097
67.833 -0.155 -0.073
67.858 -0.133 -0.049
67.883 -0.155 -0.049
67.908 -0.133 -0.097
67.933 -0.222 -0.073
67.958 -0.111 -0.121
67.983 -0.200 -0.073
68.008 -0.155 -0.049
68.033 -0.222 -0.024
68.058 -0.244 -0.097
68.083 -0.200 -0.073
68.108 -0.200 -0.097
68.133 -0.178 -0.073
68.158 -0.133 -0.073
68.183 -0.111 -0.121
68.208 -0.111 -0.073
68.233 -0.133 -0.049
68.258 -0.155 -0.049
68.283 -0.155 -0.049
68.308 -0.111 -0.121
68.333 -0.133 -0.121
68.358 -0.155 -0.146
68.383 -0.222 -0.049
68.408 -0.155 -0.049
68.433 -0.155 -0.024
68.458 -0.155 -0.024
68.483 -0.155 -0.073
68.508 -0.155 -0.097
68.533 -0.111 -0.097
68.558 -0.155 -0.073
68.583 -0.222 0.000
68.608 -0.200 -0.049
68.633 -0.178 -0.097
68.658 -0.178 -0.097
68.683 -0.200 -0.121
68.708 -0.155 -0.097
68.733 -0.222 -0.049
68.758 -0.133 -0.049
68.783 -0.178 -0.049
68.808 -0.133 -0.121
68.833 -0.200 -0.024
68.858 -0.133 -0.097
68.883 -0.178 -0.049
68.908 -0.155 -0.097
68.933 -0.200 -0.049
68.958 -0.111 -0.097
68.983 -0.155 -0.097
69.008 -0.111 -0.097
69.033 -0.133 -0.097
69.058 -0.155 -0.146
69.083 -0.155 -0.121
69.108 -0.133 -0.073
69.133 -0.178 -0.073
69.158 -0.089 -0.097
69.183 -0.155 -0.073
69.208 -0.111 -0.097
69.233 -0.200 -0.097
69.258 -0.155 -0.097
69.283 -0.200 -0.073
69.308 -0.178 -0.097
69.333 -0.155 -0.024
69.358 -0.133 -0.073
69.383 -0.133 -0.049
69.408 -0.111 -0.097
69.433 -0.133 -0.097
69.458 -0.200 -0.073
69.483 -0.222 -0.049
69.508 -0.200 -0.073
69.533 -0.155 -0.049
69.558 -0.111 -0.121
69.583 -0.155 -0.049
69.608 -0.155 -0.073
69.633 -0.222 -0.073
69.658 -0.178 -0.097
69.683 -0.178 -0.097
69.708 -0.155 -0.121
69.733 -0.133 -0.097
69.758 -0.089 -0.121
69.783 -0.133 -0.049
69.808 -0.111 -0.097
69.833 -0.155 -0.073
69.858 -0.133 -0.121
69.883 -0.133 -0.097
69.908 -0.178 -0.121
69.933 -0.200 -0.097
69.958 -0.178 -0.049
69.983 -0.155 -0.073
70.008 -0.155 -0.073
70.033 -0.178 -0.121
70.058 -0.200 -0.049
70.083 -0.200 -0.097
70.108 -0.178 -0.097
70.133 -0.178 -0.097
70.158 -0.178 -0.049
70.183 -0.178 -0.121
70.208 -0.178 -0.097
70.233 -0.178 -0.024
70.258 -0.111 -0.073
70.283 -0.155 -0.049
70.308 -0.178 -0.073
70.333 -0.200 -0.024
70.358 -0.133 -0.073
70.383 -0.111 -0.121
70.408 -0.111 -0.121
70.433 -0.111 -0.024
70.458 -0.133 -0.073
70.483 -0.155 -0.049
70.508 -0.155 -0.097
70.533 -0.155 -0.073
70.558 -0.111 -0.073
70.583 -0.178 -0.073
70.608 -0.133 -0.024
70.633 -0.111 -0.049
70.658 -0.133 -0.146
70.683 -0.200 -0.097
70.708 -0.155 -0.121
70.733 -0.133 -0.097
70.758 -0.178 -0.049
70.783 -0.178 -0.073
70.808 -0.133 -0.146
70.833 -0.155 -0.121
70.858 -0.200 -0.097
70.883 -0.133 -0.049
70.908 -0.111 -0.073
70.933 -0.133 -0.073
70.958 -0.111 -0.049
70.983 -0.178 -0.073
71.008 -0.133 -0.146
71.033 -0.178 -0.049
71.058 -0.133 -0.073
71.083 -0.155 -0.024
71.108 -0.155 -0.121
71.133 -0.200 -0.049
71.158 -0.178 -0.121
71.183 -0.155 -0.073
71.208 -0.133 -0.097
71.233 -0.200 -0.073
71.258 -0.155 -0.024
71.283 -0.155 0.000
71.308 -0.111 -0.121
71.333 -0.133 -0.073
71.358 -0.111 -0.146
71.383 -0.178 -0.049
71.408 -0.200 -0.073
71.433 -0.178 -0.121
71.458 -0.111 -0.121
71.483 -0.155 -0.097
71.508 -0.178 -0.024
71.533 -0.133 -0.073
71.558 -0.089 -0.121
71.583 -0.155 -0.049
71.608 -0.155 -0.073
71.633 -0.222 -0.024
71.658 -0.155 -0.097
71.683 -0.155 -0.073
71.708 -0.133 -0.097
71.733 -0.133 -0.073
71.758 -0.089 -0.097
71.783 -0.111 -0.073
71.808 -0.111 -0.073
71.833 -0.178 -0.049
71.858 -0.200 -0.097
71.883 -0.155 -0.073
71.908 -0.200 -0.097
71.933 -0.178 -0.049
71.958 -0.155 -0.049
71.983 -0.178 -0.097
72.008 -0.178 -0.097
72.033 -0.155 -0.073
72.058 -0.133 -0.121
72.083 -0.200 -0.024
72.108 -0.178 -0.049
72.133 -0.133 -0.049
72.158 -0.155 -0.049
72.183 -0.155 -0.097
72.208 -0.155 -0.073
72.233 -0.133 -0.121
72.258 -0.089 -0.097
72.283 -0.178 -0.024
72.308 -0.133 -0.097
72.333 -0.178 -0.097
72.358 -0.133 -0.073
72.383 -0.155 -0.097
72.408 -0.133 -0.097
72.433 -0.155 -0.097
72.458 -0.178 -0.097
72.483 -0.178 -0.073
72.508 -0.089 -0.097
72.533 -0.133 -0.024
72.558 -0.089 -0.146
72.583 -0.178 -0.073
72.608 -0.155 -0.049
72.633 -0.133 0.000
72.658 -0.155 -0.049
72.683 -0.089 -0.097
72.708 -0.089 -0.121
72.733 -0.155 -0.073
72.758 -0.155 -0.024
72.783 -0.155 -0.097
72.808 -0.155 -0.073
72.833 -0.133 -0.073
72.858 -0.178 -0.121
72.883 -0.200 -0.121
72.908 -0.133 -0.121
72.933 -0.133 -0.024
72.958 -0.133 -0.073
72.983 -0.133 -0.073
73.008 -0.178 -0.049
73.033 -0.133 -0.073
73.058 -0.178 -0.049
73.083 -0.133 -0.024
73.108 -0.133 -0.049
73.133 -0.133 -0.049
73.158 -0.111 -0.121
73.183 -0.089 -0.073
73.208 -0.067 -0.121
73.233 -0.155 -0.073
73.258 -0.111 -0.121
73.283 -0.089 -0.073
73.308 -0.133 -0.146
73.333 -0.111 -0.097
73.358 -0.133 -0.073
73.383 -0.178 -0.049
73.408 -0.155 -0.121
73.433 -0.222 -0.073
73.458 -0.155 -0.049
73.483 -0.155 -0.024
73.508 -0.133 -0.049
73.533 -0.222 -0.024
73.558 -0.178 -0.049
73.583 -0.200 -0.049
73.608 -0.155 -0.097
73.633 -0.155 -0.097
73.658 -0.178 -0.073
73.683 -0.133 -0.097
73.708 -0.111 -0.049
73.733 -0.178 -0.049
73.758 -0.155 -0.073
73.783 -0.155 -0.073
73.808 -0.111 -0.097
73.833 -0.178 -0.024
73.858 -0.155 -0.073
73.883 -0.089 -0.097
73.908 -0.155 -0.049
73.933 -0.155 -0.049
73.958 -0.133 -0.073
73.983 -0.111 -0.073
74.008 -0.155 -0.073
74.033 -0.133 -0.146
74.058 -0.200 -0.146
74.083 -0.222 -0.097
74.108 -0.155 -0.073
74.133 -0.222 -0.073
74.158 -0.178 -0.097
74.183 -0.155 -0.097
74.208 -0.133 -0.146
74.233 -0.155 -0.097
74.258 -0.155 -0.049
74.283 -0.155 -0.049
74.308 -0.155 -0.049
74.333 -0.133 -0.049
74.358 -0.133 -0.097
74.383 -0.178 -0.049
74.408 -0.155 -0.024
74.433 -0.133 -0.097
74.458 -0.089 -0.121
74.483 -0.111 -0.049
74.508 -0.133 -0.049
74.533 -0.155 0.000
74.558 -0.111 -0.024
74.583 -0.155 -0.097
74.608 -0.178 -0.073
74.633 -0.200 -0.073
74.658 -0.222 -0.049
74.683 -0.178 -0.049
74.708 -0.155 -0.024
74.733 -0.222 -0.073
74.758 -0.155 -0.097
74.783 -0.178 -0.073
74.808 -0.111 -0.121
74.833 -0.155 -0.097
74.858 -0.133 -0.121
74.883 -0.155 0.000
74.908 -0.155 -0.024
74.933 -0.155 -0.097
74.958 -0.111 -0.121
74.983 -0.133 -0.073
75.008 -0.200 -0.097
75.033 -0.133 -0.073
75.058 -0.155 -0.073
75.083 -0.178 -0.049
75.108 -0.200 -0.073
75.133 -0.178 -0.024
75.158 -0.133 -0.049
75.183 -0.178 -0.073
75.208 -0.178 -0.073
75.233 -0.133 -0.073
75.258 -0.044 -0.097
75.283 -0.111 -0.121
75.308 -0.155 -0.097
75.333 -0.133 -0.097
75.358 -0.111 -0.170
75.383 -0.155 -0.073
75.408 -0.178 -0.049
75.433 -0.155 0.000
75.458 -0.200 -0.049
75.483 -0.155 -0.024
75.508 -0.133 -0.024
75.533 -0.111 -0.049
75.558 -0.133 -0.121
75.583 -0.133 -0.097
75.608 -0.155 -0.049
75.633 -0.200 -0.024
75.658 -0.178 -0.073
75.683 -0.133 -0.049
75.708 -0.111 -0.024
75.733 -0.133 -0.049
75.758 -0.111 -0.097
75.783 -0.155 -0.024
75.808 -0.133 -0.049
75.833 -0.089 -0.097
75.858 -0.133 -0.194
75.883 -0.111 -0.073
75.908 -0.155 -0.097
75.933 -0.178 -0.073
75.958 -0.178 -0.049
75.983 -0.222 -0.024
76.008 -0.178 -0.049
76.033 -0.155 -0.049
76.058 -0.133 -0.024
76.083 -0.178 -0.073
76.108 -0.133 -0.073
76.133 -0.133 -0.073
76.158 -0.111 -0.049
76.183 -0.133 -0.049
76.208 -0.222 -0.121
76.233 -0.155 -0.097
76.258 -0.155 -0.097
76.283 -0.155 -0.121
76.308 -0.155 -0.097
76.333 -0.200 -0.049
76.358 -0.155 -0.049
76.383 -0.133 -0.097
76.408 -0.089 -0.073
76.433 -0.155 -0.073
76.458 -0.155 -0.073
76.483 -0.178 -0.073
76.508 -0.133 -0.073
76.533 -0.155 -0.049
76.558 -0.178 -0.073
76.583 -0.111 -0.073
76.608 -0.133 -0.073
76.633 -0.200 -0.073
76.658 -0.155 0.000
76.683 -0.178 -0.024
76.708 -0.133 -0.073
76.733 -0.155 -0.024
76.758 -0.133 -0.049
76.783 -0.133 -0.049
76.808 -0.111 -0.121
76.833 -0.155 -0.121
76.858 -0.178 -0.121
76.883 -0.133 -0.049
76.908 -0.133 -0.121
76.933 -0.178 -0.073
76.958 -0.155 -0.049
76.983 -0.178 -0.024
77.008 -0.178 -0.073
77.033 -0.133 -0.073
77.058 -0.111 -0.121
77.083 -0.155 -0.073
77.108 -0.111 -0.121
77.133 -0.178 -0.121
77.158 -0.111 -0.146
77.183 -0.178 -0.121
77.208 -0.111 -0.121
77.233 -0.111 -0.049
77.258 -0.089 -0.024
77.283 -0.133 -0.049
77.308 -0.155 -0.073
77.333 -0.178 0.000
77.358 -0.133 -0.024
77.383 -0.178 -0.024
77.408 -0.155 -0.097
77.433 -0.155 -0.073
77.458 -0.178 -0.097
77.483 -0.178 -0.073
77.508 -0.155 -0.121
77.533 -0.155 -0.049
77.558 -0.089 -0.170
77.583 -0.133 -0.049
77.608 -0.111 -0.121
77.633 -0.178 -0.073
77.658 -0.133 -0.097
77.683 -0.111 -0.097
77.708 -0.089 -0.097
77.733 -0.178 -0.024
77.758 -0.155 -0.024
77.783 -0.155 -0.073
77.808 -0.133 -0.049
77.833 -0.133 0.000
77.858 -0.067 -0.073
77.883 -0.089 -0.049
77.908 -0.133 -0.049
77.933 -0.178 -0.024
77.958 -0.133 -0.097
77.983 -0.155 -0.024
78.008 -0.133 -0.049
78.033 -0.155 -0.073
78.058 -0.089 -0.049
78.083 -0.133 -0.097
78.108 -0.089 -0.121
78.133 -0.178 -0.073
78.158 -0.089 -0.121
78.183 -0.178 -0.049
78.208 -0.155 -0.121
78.233 -0.178 -0.049
78.258 -0.178 -0.073
78.283 -0.155 -0.073
78.308 -0.178 -0.073
78.333 -0.222 -0.073
78.358 -0.111 -0.097
78.383 -0.178 -0.049
78.408 -0.111 -0.073
78.433 -0.178 -0.073
78.458 -0.111 -0.097
78.483 -0.133 -0.049
78.508 -0.178 -0.073
78.533 -0.155 -0.073
78.558 -0.089 -0.073
78.583 -0.155 -0.024
78.608 -0.133 0.000
78.633 -0.133 -0.073
78.658 -0.178 -0.073
78.683 -0.178 -0.049
78.708 -0.089 -0.097
78.733 -0.111 -0.146
78.758 -0.089 -0.121
78.783 -0.155 -0.097
78.808 -0.111 -0.073
78.833 -0.178 -0.024
78.858 -0.200 -0.073
78.883 -0.133 -0.097
78.908 -0.155 -0.097
78.933 -0.111 -0.073
78.958 -0.089 -0.097
78.983 -0.200 -0.121
79.008 -0.200 -0.146
79.033 -0.133 -0.049
79.058 -0.111 -0.049
79.083 -0.178 -0.097
79.108 -0.067 -0.097
79.133 -0.133 -0.097
79.158 -0.155 -0.049
79.183 -0.178 -0.024
79.208 -0.155 -0.073
79.233 -0.222 -0.097
79.258 -0.111 -0.121
79.283 -0.133 -0.121
79.308 -0.111 -0.146
79.333 -0.133 -0.073
79.358 -0.111 -0.049
79.383 -0.155 -0.024
79.408 -0.133 -0.097
79.433 -0.178 0.000
79.458 -0.111 -0.121
79.483 -0.089 -0.073
79.508 -0.067 -0.146
79.533 -0.178 -0.049
79.558 -0.178 -0.073
79.583 -0.111 -0.097
79.608 -0.067 -0.097
79.633 -0.155 -0.049
79.658 -0.155 -0.024
79.683 -0.155 -0.049
79.708 -0.155 -0.073
79.733 -0.200 -0.049
79.758 -0.111 -0.146
79.783 -0.111 -0.121
79.808 -0.111 -0.097
79.833 -0.089 -0.073
79.858 -0.133 -0.097
79.883 -0.178 -0.049
79.908 -0.178 -0.073
79.933 -0.178 -0.073
79.958 -0.200 -0.073
79.983 -0.178 -0.097
80.008 -0.155 -0.073
80.033 -0.178 -0.097
80.058 -0.178 -0.024
80.083 -0.111 -0.097
80.108 -0.155 -0.049
80.133 -0.133 -0.097
80.158 -0.133 -0.121
80.183 -0.200 -0.049
80.208 -0.133 -0.146
80.233 -0.111 -0.121
80.258 -0.089 -0.146
80.283 -0.133 -0.097
80.308 -0.133 -0.049
80.333 -0.155 -0.073
80.358 -0.155 -0.049
80.383 -0.133 -0.049
80.408 -0.133 -0.097
80.433 -0.178 -0.049
80.458 -0.067 -0.097
80.483 -0.089 -0.049
80.508 -0.133 -0.121
80.533 -0.155 -0.073
80.558 -0.178 -0.049
80.583 -0.133 -0.073
80.608 -0.133 -0.073
80.633 -0.200 -0.073
80.658 -0.111 -0.097
80.683 -0.111 -0.097
80.708 -0.155 -0.097
80.733 -0.155 -0.024
80.758 -0.178 -0.097
80.783 -0.178 -0.073
80.808 -0.222 -0.097
80.833 -0.200 -0.073
80.858 -0.155 -0.097
80.883 -0.133 -0.073
80.908 -0.155 -0.073
80.933 -0.222 -0.049
80.958 -0.200 -0.024
80.983 -0.155 -0.073
81.008 -0.155 -0.097
81.033 -0.155 -0.073
81.058 -0.133 -0.049
81.083 -0.111 -0.073
81.108 -0.111 -0.073
81.133 -0.155 -0.049
81.158 -0.178 -0.024
81.183 -0.111 -0.073
81.208 -0.133 -0.121
81.233 -0.200 -0.073
81.258 -0.111 -0.073
81.283 -0.111 -0.073
81.308 -0.178 -0.097
81.333 -0.200 -0.073
81.358 -0.178 -0.097
81.383 -0.155 -0.097
81.408 -0.155 -0.073
81.433 -0.155 -0.073
81.458 -0.067 -0.121
81.483 -0.133 -0.024
81.508 -0.178 -0.049
81.533 -0.155 -0.049
81.558 -0.111 -0.049
81.583 -0.155 -0.024
81.608 -0.178 -0.073
81.633 -0.178 -0.097
81.658 -0.178 -0.121
81.683 -0.178 -0.024
81.708 -0.111 -0.049
81.733 -0.178 -0.073
81.758 -0.178 -0.024
81.783 -0.133 -0.073
81.808 -0.133 -0.073
81.833 -0.155 -0.073
81.858 -0.178 -0.121
81.883 -0.133 -0.073
81.908 -0.178 -0.024
81.933 -0.133 -0.146
81.958 -0.089 -0.121
81.983 -0.111 -0.097
82.008 -0.133 -0.097
82.033 -0.111 -0.073
82.058 -0.133 -0.024
82.083 -0.178 -0.073
82.108 -0.178 -0.073
82.133 -0.200 -0.024
82.158 -0.111 -0.049
82.183 -0.200 -0.024
82.208 -0.200 -0.073
82.233 -0.200 -0.097
82.258 -0.155 -0.097
82.283 -0.178 -0.097
82.308 -0.155 -0.049
82.333 -0.133 -0.097
82.358 -0.178 -0.049
82.383 -0.133 -0.049
82.408 -0.089 -0.146
82.433 -0.089 -0.121
82.458 -0.133 -0.073
82.483 -0.155 -0.049
82.508 -0.089 -0.121
82.533 -0.155 -0.097
82.558 -0.067 -0.073
82.583 -0.089 -0.073
82.608 -0.089 -0.121
82.633 -0.178 -0.024
82.658 -0.178 -0.073
82.683 -0.178 -0.121
82.708 -0.111 -0.024
82.733 -0.155 -0.097
82.758 -0.089 -0.121
82.783 -0.133 -0.073
82.808 -0.133 -0.073
82.833 -0.155 -0.073
82.858 -0.155 -0.170
82.883 -0.200 -0.121
82.908 -0.178 -0.097
82.933 -0.155 -0.049
82.958 -0.155 -0.073
82.983 -0.155 -0.024
83.008 -0.089 -0.121
83.033 -0.133 -0.073
83.058 -0.133 -0.121
83.083 -0.111 -0.121
83.108 -0.178 -0.073
83.133 -0.222 -0.049
83.158 -0.111 -0.121
83.183 -0.133 -0.097
83.208 -0.155 -0.073
83.233 -0.155 -0.049
83.258 -0.111 -0.097
83.283 -0.155 -0.049
83.308 -0.111 -0.097
83.333 -0.133 -0.073
83.358 -0.089 -0.146
83.383 -0.155 -0.049
83.408 -0.178 -0.121
83.433 -0.178 -0.073
83.458 -0.133 -0.097
83.483 -0.178 -0.073
83.508 -0.200 -0.049
83.533 -0.178 -0.049
83.558 -0.200 -0.073
83.583 -0.178 -0.097
83.608 -0.133 -0.121
83.633 -0.133 -0.121
83.658 -0.089 -0.146
83.683 -0.178 -0.097
83.708 -0.200 -0.097
83.733 -0.155 0.000
83.758 -0.155 -0.049
83.783 -0.111 -0.049
83.808 -0.155 -0.024
83.833 -0.200 -0.073
83.858 -0.155 -0.097
83.883 -0.155 -0.049
83.908 -0.133 -0.097
83.933 -0.155 -0.073
83.958 -0.155 -0.097
83.983 -0.178 -0.024
84.008 -0.155 -0.073
84.033 -0.200 -0.097
84.058 -0.155 -0.073
84.083 -0.178 -0.049
84.108 -0.111 -0.073
84.133 -0.111 -0.097
84.158 -0.178 -0.097
84.183 -0.133 -0.049
84.208 -0.200 -0.049
84.233 -0.178 -0.073
84.258 -0.155 -0.097
84.283 -0.133 -0.049
84.308 -0.111 -0.073
84.333 -0.111 -0.121
84.358 -0.155 -0.097
84.383 -0.133 -0.073
84.408 -0.089 -0.121
84.433 -0.178 -0.073
84.458 -0.222 -0.049
84.483 -0.133 -0.097
84.508 -0.133 -0.097
84.533 -0.133 -0.146
84.558 -0.133 -0.121
84.583 -0.200 -0.073
84.608 -0.200 -0.097
84.633 -0.200 -0.073
84.658 -0.178 -0.121
84.683 -0.133 -0.073
84.708 -0.111 -0.121
84.733 -0.178 -0.073
84.758 -0.178 -0.073
84.783 -0.222 -0.049
84.808 -0.200 0.000
84.833 -0.222 -0.049
84.858 -0.155 -0.073
84.883 -0.178 -0.049
84.908 -0.111 -0.073
84.933 -0.133 -0.073
84.958 -0.155 -0.121
84.983 -0.178 -0.049
85.008 -0.111 -0.073
85.033 -0.200 -0.049
85.058 -0.155 -0.097
85.083 -0.111 -0.073
85.108 -0.111 -0.146
85.133 -0.067 -0.097
85.158 -0.089 -0.073
85.183 -0.133 -0.024
85.208 -0.111 -0.097
85.233 -0.067 -0.097
85.258 -0.111 -0.097
85.283 -0.133 -0.073
85.308 -0.222 -0.024
85.333 -0.155 -0.097
85.358 -0.111 -0.146
85.383 -0.067 -0.097
85.408 -0.133 -0.073
85.433 -0.111 -0.049
85.458 -0.111 -0.097
85.483 -0.178 -0.146
85.508 -0.133 -0.146
85.533 -0.111 -0.121
85.558 -0.111 -0.121
85.583 -0.178 -0.097
85.608 -0.200 -0.073
85.633 -0.200 -0.049
85.658 -0.111 -0.097
85.683 -0.155 -0.073
85.708 -0.111 -0.073
85.733 -0.133 -0.121
85.758 -0.111 -0.121
85.783 -0.089 -0.097
85.808 -0.155 -0.097
85.833 -0.089 -0.121
85.858 -0.155 -0.073
85.883 -0.155 -0.073
85.908 -0.111 -0.097
85.933 -0.133 -0.049
85.958 -0.111 -0.097
85.983 -0.155 -0.097
86.008 -0.133 -0.097
86.033 -0.089 -0.097
86.058 -0.155 -0.121
86.083 -0.178 -0.073
86.108 -0.200 -0.097
86.133 -0.200 -0.073
86.158 -0.178 -0.049
86.183 -0.111 -0.049
86.208 -0.133 -0.097
86.233 -0.200 -0.049
86.258 -0.155 -0.073
86.283 -0.155 -0.073
86.308 -0.133 -0.073
86.333 -0.200 -0.097
86.358 -0.111 -0.097
86.383 -0.178 -0.073
86.408 -0.178 -0.097
86.433 -0.155 -0.073
86.458 -0.155 -0.097
86.483 -0.133 -0.073
86.508 -0.133 -0.049
86.533 -0.133 -0.073
86.558 -0.155 -0.049
86.583 -0.089 -0.097
86.608 -0.155 -0.073
86.633 -0.155 -0.097
86.658 -0.178 -0.049
86.683 -0.155 -0.073
86.708 -0.222 -0.073
86.733 -0.200 -0.049
86.758 -0.111 -0.146
86.783 -0.155 -0.121
86.808 -0.067 -0.073
86.833 -0.155 -0.073
86.858 -0.089 -0.121
86.883 -0.200 -0.024
86.908 -0.133 -0.097
86.933 -0.133 -0.024
86.958 -0.111 -0.097
86.983 -0.155 -0.073
87.008 -0.178 -0.024
87.033 -0.178 -0.049
87.058 -0.133 -0.146
87.083 -0.111 -0.146
87.108 -0.089 -0.121
87.133 -0.155 -0.049
87.158 -0.133 -0.097
87.183 -0.155 -0.073
87.208 -0.133 -0.073
87.233 -0.133 -0.097
87.258 -0.178 -0.073
87.283 -0.155 -0.049
87.308 -0.200 -0.049
87.333 -0.155 -0.073
87.358 -0.133 -0.146
87.383 -0.111 -0.073
87.408 -0.133 -0.073
87.433 -0.111 -0.146
87.458 -0.155 -0.121
87.483 -0.178 -0.097
87.508 -0.111 -0.073
87.533 -0.155 -0.097
87.558 -0.089 -0.073
87.583 -0.133 -0.073
87.608 -0.111 -0.121
87.633 -0.155 -0.121
87.658 -0.155 -0.049
87.683 -0.133 -0.073
87.708 -0.200 -0.097
87.733 -0.155 -0.097
87.758 -0.111 -0.121
87.783 -0.133 -0.121
87.808 -0.089 -0.121
87.833 -0.133 -0.121
87.858 -0.178 -0.073
87.883 -0.200 -0.097
87.908 -0.133 -0.097
87.933 -0.178 -0.097
87.958 -0.111 -0.121
87.983 -0.111 -0.073
88.008 -0.155 -0.121
88.033 -0.089 -0.121
88.058 -0.111 -0.073
88.083 -0.111 -0.121
88.108 -0.155 -0.121
88.133 -0.155 -0.121
88.158 -0.111 -0.121
88.183 -0.155 -0.049
88.208 -0.178 -0.049
88.233 -0.178 -0.024
88.258 -0.200 -0.024
88.283 -0.200 -0.024
88.308 -0.155 -0.097
88.333 -0.155 -0.121
88.358 -0.155 -0.097
88.383 -0.178 -0.097
88.408 -0.155 -0.097
88.433 -0.133 -0.097
88.458 -0.178 -0.049
88.483 -0.155 -0.049
88.508 -0.133 -0.097
88.533 -0.111 -0.049
88.558 -0.111 -0.049
88.583 -0.178 -0.097
88.608 -0.155 -0.121
88.633 -0.133 -0.097
88.658 -0.111 -0.097
88.683 -0.089 -0.073
88.708 -0.155 -0.073
88.733 -0.089 -0.097
88.758 -0.111 -0.097
88.783 -0.111 -0.121
88.808 -0.111 -0.146
88.833 -0.111 -0.121
88.858 -0.111 -0.121
88.883 -0.089 -0.121
88.908 -0.133 -0.097
88.933 -0.111 -0.073
88.958 -0.111 -0.049
88.983 -0.133 -0.073
89.008 -0.133 -0.097
89.033 -0.111 -0.073
89.058 -0.155 -0.097
89.083 -0.133 -0.097
89.108 -0.155 -0.097
89.133 -0.200 -0.097
89.158 -0.155 -0.073
89.183 -0.155 -0.097
89.208 -0.155 -0.097
89.233 -0.155 -0.024
89.258 -0.178 -0.073
89.283 -0.111 -0.097
89.308 -0.133 -0.073
89.333 -0.178 -0.024
89.358 -0.133 -0.049
89.383 -0.111 -0.097
