Symmetrische Eigenschwingung
19.2
0.025 -3.158 -4.610
0.050 -4.112 -5.485
0.075 -4.223 -5.606
0.100 -4.157 -5.412
0.125 -4.068 -5.096
0.150 -3.868 -4.780
0.175 -3.602 -4.343
0.200 -3.335 -3.832
0.225 -3.069 -3.322
0.250 -2.714 -2.812
0.275 -2.447 -2.253
0.300 -2.070 -1.694
0.325 -1.670 -1.013
0.350 -1.337 -0.382
0.375 -0.916 0.323
0.400 -0.560 1.028
0.425 -0.227 1.732
0.450 0.172 2.364
0.475 0.572 3.069
0.500 0.927 3.701
0.525 1.327 4.308
0.550 1.637 4.916
0.575 1.970 5.475
0.600 2.259 6.009
0.625 2.525 6.422
0.650 2.770 6.835
0.675 3.014 7.224
0.700 3.191 7.516
0.725 3.302 7.807
0.750 3.436 8.002
0.775 3.458 8.050
0.800 3.436 8.099
0.825 3.347 8.172
0.850 3.347 8.002
0.875 3.214 7.905
0.900 3.080 7.662
0.925 2.858 7.394
0.950 2.747 7.054
0.975 2.481 6.714
1.000 2.215 6.228
1.025 1.837 5.790
1.050 1.571 5.183
1.075 1.216 4.624
1.100 0.883 4.065
1.125 0.483 3.409
1.150 0.106 2.704
1.175 -0.294 2.073
1.200 -0.671 1.368
1.225 -1.071 0.663
1.250 -1.493 -0.066
1.275 -1.848 -0.746
1.300 -2.159 -1.402
1.325 -2.514 -1.937
1.350 -2.825 -2.569
1.375 -3.091 -3.128
1.400 -3.380 -3.686
1.425 -3.668 -4.148
1.450 -3.935 -4.586
1.475 -4.135 -4.974
1.500 -4.201 -5.339
1.525 -4.379 -5.630
1.550 -4.468 -5.825
1.575 -4.512 -5.946
1.600 -4.556 -5.995
1.625 -4.556 -5.946
1.650 -4.490 -5.898
1.675 -4.379 -5.752
1.700 -4.246 -5.582
1.725 -4.112 -5.315
1.750 -3.913 -4.974
1.775 -3.691 -4.586
1.800 -3.491 -4.148
1.825 -3.224 -3.711
1.850 -2.914 -3.200
1.875 -2.625 -2.593
1.900 -2.292 -1.961
1.925 -1.892 -1.305
1.950 -1.515 -0.722
1.975 -1.115 -0.017
2.000 -0.694 0.615
2.025 -0.361 1.319
2.050 0.017 1.975
2.075 0.416 2.729
2.100 0.794 3.336
2.125 1.171 4.065
2.150 1.504 4.624
2.175 1.859 5.183
2.200 2.104 5.742
2.225 2.370 6.228
2.250 2.592 6.690
2.275 2.814 7.030
2.300 3.014 7.370
2.325 3.125 7.662
2.350 3.258 7.856
2.375 3.325 8.026
2.400 3.391 8.123
2.425 3.325 8.196
2.450 3.325 8.075
2.475 3.302 8.026
2.500 3.169 7.783
2.525 2.969 7.516
2.550 2.792 7.200
2.575 2.614 6.884
2.600 2.303 6.447
2.625 2.059 5.961
2.650 1.748 5.475
2.675 1.393 4.964
2.700 1.082 4.405
2.725 0.683 3.701
2.750 0.305 3.020
2.775 -0.116 2.364
2.800 -0.427 1.708
2.825 -0.871 1.076
2.850 -1.226 0.347
2.875 -1.582 -0.382
2.900 -1.937 -1.062
2.925 -2.314 -1.694
2.950 -2.669 -2.277
2.975 -2.980 -2.885
3.000 -3.269 -3.443
3.025 -3.513 -3.929
3.050 -3.735 -4.391
3.075 -3.935 -4.780
3.100 -4.157 -5.144
3.125 -4.312 -5.436
3.150 -4.334 -5.679
3.175 -4.468 -5.873
3.200 -4.534 -5.946
3.225 -4.468 -6.019
3.250 -4.445 -5.898
3.275 -4.379 -5.801
3.300 -4.290 -5.703
3.325 -4.179 -5.412
3.350 -3.979 -5.193
3.375 -3.757 -4.829
3.400 -3.513 -4.415
3.425 -3.291 -3.978
3.450 -3.025 -3.443
3.475 -2.780 -2.909
3.500 -2.425 -2.326
3.525 -2.070 -1.694
3.550 -1.670 -0.989
3.575 -1.293 -0.357
3.600 -0.960 0.299
3.625 -0.538 1.003
3.650 -0.183 1.684
3.675 0.217 2.389
3.700 0.527 3.093
3.725 0.949 3.701
3.750 1.260 4.308
3.775 1.615 4.964
3.800 1.948 5.475
3.825 2.215 5.985
3.850 2.481 6.447
3.875 2.703 6.884
3.900 2.903 7.200
3.925 3.080 7.516
3.950 3.191 7.759
3.975 3.280 8.026
4.000 3.391 8.075
4.025 3.391 8.123
4.050 3.413 8.050
4.075 3.302 7.977
4.100 3.214 7.832
4.125 3.036 7.662
4.150 2.836 7.443
4.175 2.636 7.054
4.200 2.414 6.665
4.225 2.148 6.179
4.250 1.815 5.790
4.275 1.504 5.207
4.300 1.193 4.673
4.325 0.905 4.114
4.350 0.527 3.433
4.375 0.061 2.729
4.400 -0.316 2.073
4.425 -0.671 1.368
4.450 -1.049 0.712
4.475 -1.448 0.007
4.500 -1.826 -0.698
4.525 -2.159 -1.354
4.550 -2.492 -1.961
4.575 -2.736 -2.617
4.600 -3.113 -3.152
4.625 -3.402 -3.686
4.650 -3.624 -4.172
4.675 -3.890 -4.610
4.700 -4.024 -4.950
4.725 -4.157 -5.315
4.750 -4.290 -5.582
4.775 -4.423 -5.776
4.800 -4.468 -5.922
4.825 -4.468 -5.995
4.850 -4.490 -5.971
4.875 -4.445 -5.898
4.900 -4.357 -5.825
4.925 -4.223 -5.606
4.950 -4.068 -5.315
4.975 -3.935 -4.974
5.000 -3.713 -4.610
5.025 -3.402 -4.172
5.050 -3.136 -3.711
5.075 -2.869 -3.273
5.100 -2.558 -2.666
5.125 -2.225 -2.083
5.150 -1.959 -1.451
5.175 -1.537 -0.746
5.200 -1.138 -0.066
5.225 -0.760 0.590
5.250 -0.405 1.344
5.275 -0.028 2.024
5.300 0.328 2.680
5.325 0.727 3.385
5.350 1.038 4.017
5.375 1.460 4.673
5.400 1.748 5.232
5.425 1.993 5.766
5.450 2.303 6.276
5.475 2.570 6.617
5.500 2.770 7.030
5.525 3.014 7.394
5.550 3.147 7.662
5.575 3.280 7.929
5.600 3.325 8.050
5.625 3.391 8.123
5.650 3.347 8.172
5.675 3.302 8.148
5.700 3.191 8.050
5.725 3.080 7.807
5.750 2.903 7.540
5.775 2.725 7.200
5.800 2.570 6.908
5.825 2.281 6.471
5.850 1.948 5.961
5.875 1.704 5.475
5.900 1.327 4.940
5.925 1.016 4.308
5.950 0.661 3.676
5.975 0.350 3.093
6.000 -0.116 2.437
6.025 -0.494 1.732
6.050 -0.849 1.076
6.075 -1.182 0.323
6.100 -1.582 -0.333
6.125 -1.981 -1.038
6.150 -2.270 -1.621
6.175 -2.581 -2.277
6.200 -2.869 -2.860
6.225 -3.202 -3.419
6.250 -3.491 -3.929
6.275 -3.691 -4.391
6.300 -3.890 -4.756
6.325 -3.979 -5.169
6.350 -4.201 -5.436
6.375 -4.290 -5.655
6.400 -4.401 -5.849
6.425 -4.445 -5.946
6.450 -4.468 -5.898
6.475 -4.379 -5.922
6.500 -4.357 -5.849
6.525 -4.223 -5.679
6.550 -4.112 -5.387
6.575 -3.957 -5.193
6.600 -3.802 -4.804
6.625 -3.557 -4.440
6.650 -3.358 -3.929
6.675 -2.980 -3.492
6.700 -2.692 -2.909
6.725 -2.381 -2.350
6.750 -2.070 -1.742
6.775 -1.715 -1.062
6.800 -1.337 -0.382
6.825 -0.960 0.274
6.850 -0.583 0.955
6.875 -0.227 1.659
6.900 0.150 2.364
6.925 0.483 3.020
6.950 0.905 3.676
6.975 1.238 4.308
7.000 1.504 4.916
7.025 1.837 5.499
7.050 2.148 5.961
7.075 2.437 6.447
7.100 2.681 6.908
7.125 2.858 7.273
7.150 2.992 7.540
7.175 3.147 7.759
7.200 3.258 8.002
7.225 3.302 8.075
7.250 3.347 8.099
7.275 3.280 8.172
7.300 3.280 8.050
7.325 3.169 7.905
7.350 3.058 7.662
7.375 2.836 7.443
7.400 2.636 7.103
7.425 2.370 6.690
7.450 2.126 6.252
7.475 1.882 5.742
7.500 1.504 5.183
7.525 1.193 4.600
7.550 0.794 4.090
7.575 0.483 3.409
7.600 0.083 2.729
7.625 -0.205 2.048
7.650 -0.605 1.392
7.675 -0.960 0.760
7.700 -1.337 0.056
7.725 -1.715 -0.649
7.750 -2.048 -1.305
7.775 -2.359 -1.937
7.800 -2.692 -2.593
7.825 -2.958 -3.152
7.850 -3.269 -3.686
7.875 -3.535 -4.221
7.900 -3.824 -4.659
7.925 -3.935 -4.999
7.950 -4.135 -5.290
7.975 -4.201 -5.558
8.000 -4.334 -5.703
8.025 -4.357 -5.898
8.050 -4.423 -5.971
8.075 -4.423 -5.946
8.100 -4.334 -5.946
8.125 -4.268 -5.801
8.150 -4.201 -5.582
8.175 -4.046 -5.290
8.200 -3.890 -4.950
8.225 -3.668 -4.586
8.250 -3.380 -4.197
8.275 -3.113 -3.759
8.300 -2.869 -3.200
8.325 -2.558 -2.666
8.350 -2.248 -1.985
8.375 -1.937 -1.354
8.400 -1.582 -0.722
8.425 -1.138 -0.090
8.450 -0.805 0.663
8.475 -0.472 1.368
8.500 -0.139 2.024
8.525 0.305 2.656
8.550 0.616 3.385
8.575 1.038 3.968
8.600 1.304 4.624
8.625 1.704 5.159
8.650 1.948 5.718
8.675 2.303 6.252
8.700 2.459 6.641
8.725 2.792 7.030
8.750 2.947 7.419
8.775 3.036 7.637
8.800 3.125 7.929
8.825 3.236 8.026
8.850 3.325 8.148
8.875 3.302 8.172
8.900 3.280 8.075
8.925 3.214 8.002
8.950 3.058 7.832
8.975 2.925 7.540
9.000 2.725 7.273
9.025 2.503 6.860
9.050 2.281 6.422
9.075 2.037 5.936
9.100 1.704 5.426
9.125 1.415 4.891
9.150 1.038 4.308
9.175 0.661 3.701
9.200 0.372 3.093
9.225 -0.005 2.389
9.250 -0.405 1.708
9.275 -0.805 1.028
9.300 -1.226 0.372
9.325 -1.515 -0.357
9.350 -1.892 -0.989
9.375 -2.225 -1.694
9.400 -2.581 -2.228
9.425 -2.803 -2.860
9.450 -3.113 -3.419
9.475 -3.380 -3.905
9.500 -3.624 -4.367
9.525 -3.824 -4.829
9.550 -4.001 -5.144
9.575 -4.135 -5.485
9.600 -4.312 -5.728
9.625 -4.379 -5.849
9.650 -4.357 -5.946
9.675 -4.357 -5.946
9.700 -4.334 -5.922
9.725 -4.290 -5.898
9.750 -4.179 -5.703
9.775 -4.068 -5.485
9.800 -3.957 -5.120
9.825 -3.735 -4.780
9.850 -3.513 -4.391
9.875 -3.313 -3.954
9.900 -2.980 -3.443
9.925 -2.714 -2.885
9.950 -2.425 -2.277
9.975 -2.048 -1.670
10.000 -1.781 -1.013
10.025 -1.360 -0.333
10.050 -1.027 0.372
10.075 -0.605 1.003
10.100 -0.294 1.781
10.125 0.061 2.364
10.150 0.505 3.069
10.175 0.860 3.725
10.200 1.127 4.357
10.225 1.460 4.916
10.250 1.704 5.523
10.275 2.104 5.961
10.300 2.348 6.471
10.325 2.548 6.884
10.350 2.747 7.248
10.375 2.969 7.516
10.400 3.036 7.856
10.425 3.191 7.977
10.450 3.236 8.075
10.475 3.236 8.099
10.500 3.191 8.099
10.525 3.147 7.977
10.550 3.125 7.832
10.575 2.947 7.637
10.600 2.792 7.419
10.625 2.636 7.054
10.650 2.392 6.665
10.675 2.148 6.204
10.700 1.793 5.766
10.725 1.549 5.207
10.750 1.216 4.575
10.775 0.860 3.992
10.800 0.550 3.336
10.825 0.194 2.704
10.850 -0.205 2.073
10.875 -0.560 1.319
10.900 -0.916 0.639
10.925 -1.249 -0.017
10.950 -1.693 -0.722
10.975 -2.048 -1.378
11.000 -2.359 -1.985
11.025 -2.625 -2.617
11.050 -2.936 -3.200
11.075 -3.224 -3.686
11.100 -3.535 -4.124
11.125 -3.691 -4.561
11.150 -3.935 -4.950
11.175 -4.068 -5.315
11.200 -4.157 -5.558
11.225 -4.201 -5.728
11.250 -4.290 -5.898
11.275 -4.312 -5.971
11.300 -4.379 -5.922
11.325 -4.290 -5.898
11.350 -4.223 -5.728
11.375 -4.135 -5.509
11.400 -4.046 -5.242
11.425 -3.824 -4.974
11.450 -3.668 -4.537
11.475 -3.424 -4.124
11.500 -3.224 -3.638
11.525 -2.891 -3.176
11.550 -2.603 -2.593
11.575 -2.248 -1.937
11.600 -1.981 -1.329
11.625 -1.604 -0.649
11.650 -1.226 -0.017
11.675 -0.827 0.615
11.700 -0.516 1.368
11.725 -0.139 2.073
11.750 0.172 2.729
11.775 0.572 3.361
11.800 0.883 4.090
11.825 1.282 4.673
11.850 1.526 5.280
11.875 1.926 5.742
11.900 2.148 6.252
11.925 2.437 6.690
11.950 2.614 7.078
11.975 2.858 7.346
12.000 3.014 7.613
12.025 3.058 7.880
12.050 3.147 8.075
12.075 3.147 8.075
12.100 3.191 8.123
12.125 3.191 8.075
12.150 3.147 7.953
12.175 2.969 7.734
12.200 2.858 7.516
12.225 2.725 7.176
12.250 2.481 6.811
12.275 2.281 6.374
12.300 1.993 5.985
12.325 1.637 5.426
12.350 1.393 4.916
12.375 1.082 4.357
12.400 0.683 3.701
12.425 0.372 2.972
12.450 -0.050 2.340
12.475 -0.338 1.732
12.500 -0.738 1.003
12.525 -1.071 0.299
12.550 -1.493 -0.333
12.575 -1.826 -1.038
12.600 -2.225 -1.670
12.625 -2.492 -2.277
12.650 -2.780 -2.836
12.675 -3.113 -3.443
12.700 -3.358 -3.954
12.725 -3.580 -4.391
12.750 -3.802 -4.780
12.775 -3.979 -5.169
12.800 -4.135 -5.412
12.825 -4.223 -5.655
12.850 -4.312 -5.801
12.875 -4.357 -5.873
12.900 -4.379 -5.971
12.925 -4.357 -5.946
12.950 -4.334 -5.825
12.975 -4.179 -5.679
13.000 -4.090 -5.412
13.025 -3.935 -5.144
13.050 -3.757 -4.683
13.075 -3.557 -4.294
13.100 -3.358 -3.857
13.125 -3.047 -3.322
13.150 -2.758 -2.787
13.175 -2.447 -2.277
13.200 -2.092 -1.645
13.225 -1.759 -0.965
13.250 -1.471 -0.309
13.275 -1.093 0.347
13.300 -0.760 1.052
13.325 -0.338 1.659
13.350 0.017 2.437
13.375 0.439 3.117
13.400 0.749 3.749
13.425 1.038 4.357
13.450 1.371 4.916
13.475 1.704 5.475
13.500 1.993 6.034
13.525 2.326 6.519
13.550 2.503 6.908
13.575 2.659 7.248
13.600 2.858 7.564
13.625 3.058 7.783
13.650 3.080 7.929
13.675 3.191 8.002
13.700 3.214 8.050
13.725 3.214 8.002
13.750 3.169 7.953
13.775 3.169 7.807
13.800 2.992 7.613
13.825 2.881 7.346
13.850 2.592 7.030
13.875 2.414 6.592
13.900 2.104 6.179
13.925 1.859 5.669
13.950 1.593 5.159
13.975 1.238 4.575
14.000 0.927 3.944
14.025 0.616 3.312
14.050 0.172 2.704
14.075 -0.161 2.000
14.100 -0.516 1.368
14.125 -0.827 0.590
14.150 -1.226 -0.090
14.175 -1.537 -0.722
14.200 -1.981 -1.329
14.225 -2.314 -1.961
14.250 -2.603 -2.544
14.275 -2.869 -3.103
14.300 -3.136 -3.662
14.325 -3.380 -4.172
14.350 -3.646 -4.537
14.375 -3.846 -4.950
14.400 -4.046 -5.266
14.425 -4.112 -5.533
14.450 -4.223 -5.728
14.475 -4.334 -5.825
14.500 -4.334 -5.849
14.525 -4.334 -5.922
14.550 -4.312 -5.776
14.575 -4.334 -5.606
14.600 -4.157 -5.436
14.625 -4.024 -5.217
14.650 -3.890 -4.853
14.675 -3.668 -4.488
14.700 -3.491 -4.075
14.725 -3.291 -3.565
14.750 -2.914 -3.055
14.775 -2.669 -2.447
14.800 -2.314 -1.888
14.825 -1.959 -1.305
14.850 -1.604 -0.649
14.875 -1.293 0.080
14.900 -0.938 0.736
14.925 -0.538 1.416
14.950 -0.183 2.121
14.975 0.217 2.753
15.000 0.505 3.385
15.025 0.860 4.041
15.050 1.193 4.673
15.075 1.571 5.159
15.100 1.837 5.742
15.125 2.148 6.155
15.150 2.348 6.665
15.175 2.548 6.981
15.200 2.747 7.346
15.225 2.925 7.589
15.250 2.992 7.832
15.275 3.036 7.977
15.300 3.214 8.075
15.325 3.236 8.026
15.350 3.169 7.977
15.375 3.169 7.832
15.400 2.969 7.734
15.425 2.881 7.443
15.450 2.681 7.151
15.475 2.503 6.762
15.500 2.259 6.422
15.525 1.970 5.888
15.550 1.771 5.426
15.575 1.460 4.818
15.600 1.082 4.260
15.625 0.816 3.555
15.650 0.439 2.996
15.675 0.061 2.291
15.700 -0.272 1.635
15.725 -0.649 0.979
15.750 -1.049 0.274
15.775 -1.404 -0.382
15.800 -1.737 -1.013
15.825 -2.070 -1.694
15.850 -2.425 -2.277
15.875 -2.669 -2.836
15.900 -2.958 -3.419
15.925 -3.335 -3.881
15.950 -3.535 -4.318
15.975 -3.713 -4.780
16.000 -3.890 -5.144
16.025 -4.046 -5.363
16.050 -4.201 -5.558
16.075 -4.334 -5.776
16.100 -4.379 -5.825
16.125 -4.379 -5.873
16.150 -4.357 -5.825
16.175 -4.268 -5.728
16.200 -4.268 -5.509
16.225 -4.046 -5.290
16.250 -3.957 -5.047
16.275 -3.757 -4.683
16.300 -3.602 -4.294
16.325 -3.335 -3.808
16.350 -3.113 -3.273
16.375 -2.758 -2.763
16.400 -2.536 -2.156
16.425 -2.114 -1.572
16.450 -1.848 -0.916
16.475 -1.515 -0.309
16.500 -1.182 0.420
16.525 -0.782 1.125
16.550 -0.427 1.781
16.575 -0.050 2.413
16.600 0.305 3.093
16.625 0.727 3.652
16.650 1.016 4.284
16.675 1.415 4.891
16.700 1.726 5.475
16.725 1.970 5.961
16.750 2.192 6.422
16.775 2.459 6.787
16.800 2.703 7.224
16.825 2.792 7.419
16.850 2.969 7.710
16.875 3.147 7.856
16.900 3.169 7.929
16.925 3.280 8.050
16.950 3.191 8.026
16.975 3.236 7.953
17.000 3.080 7.783
17.025 2.947 7.467
17.050 2.858 7.273
17.075 2.659 6.957
17.100 2.481 6.568
17.125 2.148 6.082
17.150 1.859 5.645
17.175 1.637 5.061
17.200 1.327 4.575
17.225 1.038 3.944
17.250 0.638 3.288
17.275 0.283 2.631
17.300 -0.161 1.951
17.325 -0.472 1.319
17.350 -0.827 0.639
17.375 -1.160 0.007
17.400 -1.537 -0.649
17.425 -1.870 -1.329
17.450 -2.181 -1.985
17.475 -2.536 -2.544
17.500 -2.847 -3.103
17.525 -3.136 -3.638
17.550 -3.402 -4.100
17.575 -3.580 -4.488
17.600 -3.846 -4.853
17.625 -3.957 -5.144
17.650 -4.112 -5.436
17.675 -4.246 -5.630
17.700 -4.312 -5.776
17.725 -4.334 -5.849
17.750 -4.357 -5.776
17.775 -4.312 -5.752
17.800 -4.223 -5.558
17.825 -4.157 -5.436
17.850 -4.090 -5.120
17.875 -3.868 -4.756
17.900 -3.668 -4.415
17.925 -3.469 -4.051
17.950 -3.202 -3.589
17.975 -2.936 -3.079
18.000 -2.647 -2.496
18.025 -2.336 -1.864
18.050 -2.003 -1.281
18.075 -1.693 -0.649
18.100 -1.337 0.007
18.125 -0.982 0.687
18.150 -0.627 1.368
18.175 -0.272 2.073
18.200 0.128 2.729
18.225 0.505 3.336
18.250 0.816 3.968
18.275 1.171 4.551
18.300 1.460 5.061
18.325 1.771 5.620
18.350 2.081 6.155
18.375 2.348 6.641
18.400 2.570 6.884
18.425 2.814 7.224
18.450 2.903 7.491
18.475 3.036 7.710
18.500 3.191 7.832
18.525 3.258 8.002
18.550 3.214 7.905
18.575 3.236 7.905
18.600 3.147 7.734
18.625 3.036 7.613
18.650 2.925 7.346
18.675 2.747 7.054
18.700 2.614 6.714
18.725 2.370 6.325
18.750 2.081 5.815
18.775 1.815 5.329
18.800 1.526 4.770
18.825 1.127 4.235
18.850 0.816 3.555
18.875 0.483 2.996
18.900 0.083 2.340
18.925 -0.294 1.659
18.950 -0.605 0.955
18.975 -0.982 0.250
19.000 -1.360 -0.382
19.025 -1.737 -1.013
19.050 -2.048 -1.597
19.075 -2.381 -2.204
19.100 -2.669 -2.860
19.125 -3.002 -3.322
19.150 -3.224 -3.857
19.175 -3.469 -4.294
19.200 -3.691 -4.659
19.225 -3.913 -5.023
19.250 -4.068 -5.315
19.275 -4.201 -5.509
19.300 -4.312 -5.679
19.325 -4.401 -5.776
19.350 -4.357 -5.776
19.375 -4.379 -5.752
19.400 -4.290 -5.606
19.425 -4.223 -5.485
19.450 -4.179 -5.242
19.475 -4.024 -4.901
19.500 -3.779 -4.561
19.525 -3.624 -4.172
19.550 -3.358 -3.808
19.575 -3.113 -3.273
19.600 -2.847 -2.714
19.625 -2.581 -2.156
19.650 -2.203 -1.548
19.675 -1.848 -0.941
19.700 -1.582 -0.284
19.725 -1.138 0.420
19.750 -0.782 1.052
19.775 -0.494 1.757
19.800 -0.072 2.389
19.825 0.217 3.020
19.850 0.550 3.628
19.875 0.994 4.260
19.900 1.349 4.843
19.925 1.637 5.402
19.950 1.970 5.863
19.975 2.170 6.301
20.000 2.437 6.714
20.025 2.681 7.103
20.050 2.881 7.346
20.075 2.969 7.613
20.100 3.147 7.759
20.125 3.236 7.905
20.150 3.236 7.856
20.175 3.214 7.880
20.200 3.214 7.807
20.225 3.169 7.637
20.250 3.080 7.443
20.275 2.836 7.200
20.300 2.681 6.860
20.325 2.459 6.495
20.350 2.215 5.985
20.375 1.926 5.547
20.400 1.571 5.061
20.425 1.304 4.454
20.450 0.994 3.871
20.475 0.683 3.263
20.500 0.239 2.631
20.525 -0.094 1.975
20.550 -0.383 1.295
20.575 -0.827 0.663
20.600 -1.160 0.007
20.625 -1.604 -0.673
20.650 -1.892 -1.305
20.675 -2.159 -1.937
20.700 -2.492 -2.520
20.725 -2.847 -3.006
20.750 -3.069 -3.565
20.775 -3.358 -4.002
20.800 -3.624 -4.415
20.825 -3.824 -4.756
20.850 -3.979 -5.072
20.875 -4.068 -5.315
20.900 -4.179 -5.558
20.925 -4.312 -5.679
20.950 -4.357 -5.728
20.975 -4.401 -5.703
21.000 -4.312 -5.606
21.025 -4.312 -5.509
21.050 -4.201 -5.339
21.075 -4.090 -5.023
21.100 -3.913 -4.707
21.125 -3.757 -4.318
21.150 -3.535 -3.978
21.175 -3.313 -3.516
21.200 -2.958 -3.006
21.225 -2.692 -2.447
21.250 -2.381 -1.840
21.275 -2.070 -1.208
21.300 -1.715 -0.625
21.325 -1.382 0.007
21.350 -1.027 0.712
21.375 -0.671 1.344
21.400 -0.294 2.000
21.425 0.128 2.656
21.450 0.483 3.263
21.475 0.816 3.895
21.500 1.127 4.503
21.525 1.438 5.061
21.550 1.793 5.523
21.575 2.059 6.034
21.600 2.326 6.471
21.625 2.548 6.860
21.650 2.725 7.176
21.675 2.925 7.443
21.700 3.058 7.613
21.725 3.125 7.759
21.750 3.214 7.856
21.775 3.236 7.880
21.800 3.214 7.807
21.825 3.125 7.662
21.850 3.036 7.516
21.875 2.947 7.273
21.900 2.725 6.981
21.925 2.548 6.665
21.950 2.303 6.228
21.975 2.126 5.839
22.000 1.793 5.280
22.025 1.549 4.794
22.050 1.260 4.187
22.075 0.816 3.579
22.100 0.505 2.996
22.125 0.106 2.340
22.150 -0.272 1.611
22.175 -0.649 1.003
22.200 -0.938 0.299
22.225 -1.337 -0.309
22.250 -1.693 -0.989
22.275 -2.070 -1.548
22.300 -2.336 -2.156
22.325 -2.692 -2.739
22.350 -2.958 -3.273
22.375 -3.202 -3.759
22.400 -3.469 -4.245
22.425 -3.713 -4.586
22.450 -3.913 -4.901
22.475 -4.068 -5.193
22.500 -4.179 -5.339
22.525 -4.268 -5.485
22.550 -4.401 -5.630
22.575 -4.401 -5.606
22.600 -4.379 -5.655
22.625 -4.312 -5.485
22.650 -4.201 -5.315
22.675 -4.201 -5.193
22.700 -4.001 -4.901
22.725 -3.868 -4.537
22.750 -3.624 -4.148
22.775 -3.424 -3.686
22.800 -3.202 -3.273
22.825 -2.914 -2.690
22.850 -2.514 -2.083
22.875 -2.248 -1.499
22.900 -1.892 -0.892
22.925 -1.626 -0.260
22.950 -1.204 0.372
22.975 -0.849 1.028
23.000 -0.427 1.659
23.025 -0.072 2.316
23.050 0.261 2.947
23.075 0.594 3.555
23.100 0.994 4.187
23.125 1.327 4.794
23.150 1.593 5.280
23.175 1.904 5.790
23.200 2.215 6.204
23.225 2.437 6.641
23.250 2.614 6.933
23.275 2.747 7.224
23.300 3.014 7.467
23.325 3.147 7.686
23.350 3.214 7.734
23.375 3.191 7.783
23.400 3.191 7.783
23.425 3.169 7.686
23.450 3.147 7.540
23.475 3.014 7.370
23.500 2.903 7.078
23.525 2.681 6.860
23.550 2.437 6.374
23.575 2.215 6.034
23.600 1.993 5.475
23.625 1.726 4.964
23.650 1.371 4.454
23.675 1.060 3.871
23.700 0.683 3.288
23.725 0.305 2.680
23.750 -0.028 1.975
23.775 -0.361 1.319
23.800 -0.738 0.687
23.825 -1.138 -0.041
23.850 -1.493 -0.698
23.875 -1.892 -1.256
23.900 -2.203 -1.888
23.925 -2.536 -2.423
23.950 -2.847 -3.030
23.975 -3.113 -3.492
24.000 -3.313 -3.929
24.025 -3.646 -4.343
24.050 -3.868 -4.683
24.075 -4.024 -4.974
24.100 -4.157 -5.290
24.125 -4.246 -5.387
24.150 -4.334 -5.533
24.175 -4.423 -5.606
24.200 -4.357 -5.606
24.225 -4.357 -5.533
24.250 -4.290 -5.387
24.275 -4.179 -5.217
24.300 -4.068 -4.999
24.325 -3.979 -4.683
24.350 -3.779 -4.343
24.375 -3.469 -3.832
24.400 -3.291 -3.419
24.425 -3.091 -2.958
24.450 -2.758 -2.423
24.475 -2.359 -1.791
24.500 -2.092 -1.208
24.525 -1.737 -0.576
24.550 -1.426 0.056
24.575 -1.093 0.687
24.600 -0.694 1.368
24.625 -0.272 2.048
24.650 0.083 2.631
24.679 0.461 3.263
24.705 0.816 3.895
24.730 1.216 4.478
24.755 1.526 5.110
24.780 1.837 5.596
24.805 2.104 6.058
24.830 2.392 6.495
24.855 2.592 6.811
24.880 2.747 7.054
24.905 2.925 7.370
24.930 3.080 7.540
24.955 3.125 7.734
24.980 3.236 7.783
25.005 3.191 7.759
25.030 3.214 7.637
25.055 3.147 7.589
25.080 3.080 7.370
25.105 2.925 7.103
25.130 2.770 6.811
25.155 2.592 6.495
25.180 2.370 6.082
25.205 2.081 5.669
25.230 1.771 5.207
25.255 1.438 4.648
25.280 1.127 4.090
25.305 0.749 3.482
25.330 0.461 2.802
25.355 0.150 2.170
25.380 -0.316 1.562
25.405 -0.649 0.955
25.430 -0.982 0.299
25.455 -1.360 -0.382
25.480 -1.693 -1.013
25.505 -2.070 -1.645
25.530 -2.425 -2.204
25.555 -2.758 -2.739
25.580 -2.980 -3.225
25.605 -3.313 -3.686
25.630 -3.491 -4.148
25.655 -3.824 -4.561
25.680 -3.979 -4.853
25.705 -4.135 -5.096
25.730 -4.157 -5.315
25.755 -4.268 -5.460
25.780 -4.379 -5.533
25.805 -4.379 -5.533
25.830 -4.290 -5.558
25.855 -4.290 -5.387
25.880 -4.201 -5.266
25.905 -4.179 -4.974
25.930 -3.890 -4.731
25.955 -3.779 -4.367
25.980 -3.557 -4.002
26.005 -3.380 -3.541
26.030 -3.136 -3.055
26.055 -2.825 -2.569
26.080 -2.514 -2.034
26.105 -2.159 -1.427
26.130 -1.848 -0.868
26.155 -1.471 -0.163
26.180 -1.115 0.469
26.205 -0.760 1.149
26.230 -0.427 1.805
26.255 -0.116 2.389
26.280 0.328 3.045
26.305 0.705 3.676
26.330 1.082 4.235
26.355 1.349 4.770
26.380 1.682 5.304
26.405 1.970 5.790
26.430 2.259 6.155
26.455 2.459 6.568
26.480 2.703 6.884
26.505 2.903 7.176
26.530 3.058 7.394
26.555 3.125 7.564
26.580 3.258 7.662
26.605 3.236 7.734
26.630 3.258 7.686
26.655 3.191 7.613
26.680 3.125 7.419
26.705 3.036 7.151
26.730 2.925 6.933
26.755 2.725 6.714
26.780 2.481 6.252
26.805 2.259 5.888
26.830 1.948 5.353
26.855 1.637 4.916
26.880 1.304 4.308
26.905 0.971 3.749
26.930 0.661 3.166
26.955 0.239 2.534
26.980 -0.072 1.878
27.005 -0.472 1.271
27.030 -0.827 0.639
27.055 -1.249 -0.041
27.080 -1.604 -0.649
27.105 -1.959 -1.232
27.130 -2.248 -1.815
27.155 -2.581 -2.350
27.180 -2.869 -2.958
27.205 -3.202 -3.419
27.230 -3.380 -3.929
27.255 -3.646 -4.294
27.280 -3.824 -4.659
27.305 -4.024 -4.974
27.330 -4.157 -5.217
27.355 -4.246 -5.339
27.380 -4.268 -5.460
27.405 -4.357 -5.509
27.430 -4.334 -5.533
27.455 -4.357 -5.460
27.480 -4.290 -5.339
27.505 -4.201 -5.120
27.530 -4.046 -4.877
27.555 -3.890 -4.537
27.580 -3.713 -4.221
27.605 -3.513 -3.808
27.630 -3.247 -3.371
27.655 -3.002 -2.836
27.680 -2.714 -2.277
27.705 -2.359 -1.742
27.730 -2.070 -1.111
27.755 -1.604 -0.503
27.780 -1.337 0.104
27.805 -0.982 0.785
27.830 -0.605 1.416
27.855 -0.227 2.048
27.880 0.106 2.680
27.905 0.505 3.336
27.930 0.905 3.919
27.955 1.260 4.527
27.980 1.571 4.940
28.005 1.882 5.475
28.030 2.148 5.961
28.055 2.437 6.374
28.080 2.636 6.665
28.105 2.858 7.005
28.130 2.947 7.200
28.155 3.058 7.467
28.180 3.236 7.564
28.205 3.258 7.613
28.230 3.325 7.589
28.255 3.236 7.589
28.280 3.191 7.443
28.305 3.080 7.321
28.330 2.947 7.103
28.355 2.814 6.787
28.380 2.570 6.374
28.405 2.370 6.034
28.430 2.126 5.620
28.455 1.815 5.159
28.480 1.549 4.575
28.505 1.105 4.090
28.530 0.816 3.458
28.555 0.416 2.826
28.580 0.017 2.316
28.605 -0.316 1.635
28.630 -0.671 0.979
28.655 -1.027 0.323
28.680 -1.404 -0.333
28.705 -1.737 -0.965
28.730 -2.137 -1.475
28.755 -2.470 -2.131
28.780 -2.780 -2.642
28.805 -3.069 -3.152
28.830 -3.335 -3.662
28.855 -3.580 -4.027
28.880 -3.824 -4.464
28.905 -3.957 -4.780
28.930 -4.068 -4.999
28.955 -4.223 -5.217
28.980 -4.290 -5.387
29.005 -4.357 -5.460
29.030 -4.334 -5.485
29.055 -4.334 -5.460
29.080 -4.312 -5.266
29.105 -4.290 -5.144
29.130 -4.135 -4.950
29.155 -3.979 -4.731
29.180 -3.802 -4.391
29.205 -3.624 -4.002
29.230 -3.380 -3.589
29.255 -3.113 -3.103
29.280 -2.803 -2.642
29.305 -2.447 -2.083
29.330 -2.159 -1.475
29.355 -1.848 -0.843
29.380 -1.493 -0.260
29.405 -1.071 0.445
29.430 -0.738 1.101
29.455 -0.316 1.732
29.480 -0.005 2.316
29.505 0.372 2.923
29.530 0.727 3.579
29.555 1.016 4.138
29.580 1.415 4.697
29.605 1.660 5.207
29.630 1.970 5.645
29.655 2.259 6.106
29.680 2.481 6.495
29.705 2.747 6.835
29.730 2.947 7.103
29.755 3.080 7.370
29.780 3.191 7.491
29.805 3.258 7.564
29.830 3.258 7.589
29.855 3.258 7.564
29.880 3.236 7.540
29.905 3.147 7.467
29.930 3.036 7.151
29.955 2.858 6.908
29.980 2.614 6.617
30.005 2.437 6.301
30.030 2.281 5.888
30.055 1.970 5.402
30.080 1.637 4.843
30.105 1.260 4.381
30.130 0.905 3.774
30.155 0.594 3.215
30.180 0.194 2.607
30.205 -0.139 1.927
30.230 -0.449 1.295
30.255 -0.893 0.663
30.280 -1.271 0.056
30.305 -1.604 -0.600
30.330 -1.959 -1.184
30.355 -2.270 -1.742
30.380 -2.558 -2.326
30.405 -2.914 -2.836
30.430 -3.202 -3.298
30.455 -3.446 -3.735
30.480 -3.668 -4.148
30.505 -3.824 -4.513
30.530 -4.068 -4.829
30.555 -4.157 -5.120
30.580 -4.246 -5.242
30.605 -4.312 -5.363
30.630 -4.357 -5.412
30.655 -4.312 -5.436
30.680 -4.334 -5.387
30.705 -4.268 -5.242
30.730 -4.157 -5.096
30.755 -4.046 -4.804
30.780 -3.846 -4.537
30.805 -3.691 -4.221
30.830 -3.491 -3.808
30.855 -3.158 -3.322
30.880 -2.847 -2.909
30.905 -2.647 -2.399
30.930 -2.292 -1.815
30.955 -2.003 -1.232
30.980 -1.648 -0.576
31.005 -1.293 0.056
31.030 -0.938 0.736
31.055 -0.538 1.271
31.080 -0.139 1.975
31.105 0.172 2.559
31.130 0.550 3.166
31.155 0.949 3.774
31.180 1.216 4.381
31.205 1.549 4.916
31.230 1.859 5.402
31.255 2.126 5.863
31.280 2.326 6.228
31.305 2.614 6.592
31.330 2.770 6.908
31.355 2.947 7.176
31.380 3.080 7.346
31.405 3.147 7.443
31.430 3.280 7.637
31.455 3.236 7.589
31.480 3.191 7.540
31.505 3.147 7.443
31.530 2.992 7.297
31.555 2.881 7.054
31.580 2.747 6.860
31.605 2.525 6.471
31.630 2.192 6.058
31.655 1.993 5.620
31.680 1.748 5.207
31.705 1.438 4.673
31.730 1.149 4.138
31.755 0.772 3.506
31.780 0.372 2.972
31.805 0.061 2.340
31.830 -0.338 1.684
31.855 -0.694 1.028
31.880 -1.071 0.396
31.905 -1.337 -0.212
31.930 -1.737 -0.843
31.955 -2.092 -1.378
31.980 -2.425 -2.010
32.005 -2.714 -2.520
32.030 -3.047 -3.079
32.055 -3.291 -3.516
32.080 -3.557 -3.905
32.105 -3.779 -4.367
32.130 -3.979 -4.683
32.155 -4.046 -4.853
32.180 -4.201 -5.096
32.205 -4.268 -5.290
32.230 -4.312 -5.412
32.255 -4.290 -5.412
32.280 -4.268 -5.436
32.305 -4.334 -5.363
32.330 -4.246 -5.217
32.355 -4.090 -4.950
32.380 -3.935 -4.683
32.405 -3.713 -4.415
32.430 -3.557 -4.002
32.455 -3.247 -3.589
32.480 -3.091 -3.128
32.505 -2.803 -2.642
32.530 -2.514 -2.083
32.555 -2.114 -1.499
32.580 -1.848 -0.892
32.605 -1.448 -0.284
32.630 -1.182 0.299
32.655 -0.716 0.906
32.680 -0.316 1.611
32.705 -0.005 2.218
32.730 0.394 2.826
32.755 0.749 3.433
32.780 1.038 3.992
32.805 1.438 4.527
32.830 1.682 5.086
32.855 1.993 5.596
32.880 2.259 6.009
32.905 2.525 6.325
32.930 2.659 6.738
32.955 2.881 7.030
32.980 2.992 7.273
33.005 3.125 7.419
33.030 3.169 7.516
33.055 3.191 7.589
33.080 3.236 7.564
33.105 3.214 7.516
33.130 3.080 7.394
33.155 3.014 7.176
33.180 2.858 6.981
33.205 2.614 6.617
33.230 2.414 6.301
33.255 2.126 5.839
33.280 1.837 5.402
33.305 1.615 4.916
33.330 1.304 4.430
33.355 0.971 3.822
33.380 0.638 3.288
33.405 0.217 2.704
33.430 -0.116 2.121
33.455 -0.472 1.441
33.480 -0.893 0.833
33.505 -1.271 0.153
33.530 -1.715 -0.455
33.555 -2.003 -1.086
33.580 -2.314 -1.621
33.605 -2.514 -2.228
33.630 -2.847 -2.690
33.655 -3.091 -3.200
33.680 -3.380 -3.614
33.705 -3.668 -4.075
33.730 -3.890 -4.440
33.755 -3.979 -4.804
33.780 -4.157 -5.047
33.805 -4.201 -5.193
33.830 -4.268 -5.339
33.855 -4.357 -5.460
33.880 -4.334 -5.412
33.905 -4.290 -5.339
33.930 -4.246 -5.169
33.955 -4.112 -5.047
33.980 -4.046 -4.804
34.005 -3.868 -4.561
34.030 -3.691 -4.197
34.055 -3.446 -3.784
34.080 -3.180 -3.346
34.105 -2.936 -2.909
34.130 -2.625 -2.399
34.155 -2.292 -1.840
34.180 -1.959 -1.208
34.205 -1.582 -0.649
34.230 -1.271 -0.066
34.255 -0.938 0.566
34.280 -0.494 1.198
34.305 -0.072 1.854
34.330 0.194 2.559
34.355 0.594 3.093
34.380 0.883 3.725
34.405 1.282 4.235
34.430 1.504 4.770
34.455 1.793 5.280
34.480 2.104 5.742
34.505 2.392 6.106
34.530 2.659 6.544
34.555 2.836 6.811
34.580 2.947 7.103
34.605 3.103 7.297
34.630 3.103 7.467
34.655 3.169 7.589
34.680 3.236 7.589
34.705 3.214 7.516
34.730 3.147 7.443
34.755 2.969 7.273
34.780 2.836 7.078
34.805 2.681 6.811
34.830 2.437 6.471
34.855 2.237 6.155
34.880 1.948 5.718
34.905 1.704 5.183
34.930 1.415 4.697
34.955 1.127 4.187
34.980 0.749 3.603
35.005 0.372 3.045
35.030 -0.005 2.486
35.055 -0.338 1.805
35.080 -0.694 1.149
35.105 -1.027 0.517
35.130 -1.404 -0.041
35.155 -1.737 -0.722
35.180 -2.092 -1.281
35.205 -2.381 -1.864
35.230 -2.692 -2.423
35.255 -2.958 -2.958
35.280 -3.335 -3.419
35.305 -3.535 -3.832
35.330 -3.757 -4.245
35.355 -3.913 -4.586
35.380 -4.112 -4.877
35.405 -4.246 -5.096
35.430 -4.334 -5.242
35.455 -4.290 -5.339
35.480 -4.290 -5.363
35.505 -4.312 -5.339
35.530 -4.268 -5.242
35.555 -4.157 -5.144
35.580 -4.068 -4.950
35.605 -3.935 -4.731
35.630 -3.757 -4.367
35.655 -3.580 -4.100
35.680 -3.402 -3.638
35.705 -3.047 -3.200
35.730 -2.758 -2.666
35.755 -2.447 -2.156
35.780 -2.181 -1.572
35.805 -1.759 -0.965
35.830 -1.426 -0.406
35.855 -1.115 0.226
35.880 -0.782 0.882
35.905 -0.338 1.465
35.930 0.017 2.073
35.955 0.350 2.729
35.980 0.683 3.361
36.005 1.105 3.919
36.030 1.371 4.478
36.055 1.704 4.964
36.080 1.970 5.475
36.105 2.192 5.936
36.130 2.392 6.349
36.155 2.659 6.690
36.180 2.814 6.981
36.205 2.947 7.151
36.230 3.036 7.370
36.255 3.191 7.419
36.280 3.191 7.516
36.305 3.214 7.564
36.330 3.080 7.491
36.355 3.080 7.394
36.380 2.969 7.248
36.405 2.770 6.957
36.430 2.592 6.738
36.455 2.414 6.325
36.480 2.148 5.936
36.505 1.904 5.523
36.530 1.504 5.013
36.555 1.282 4.454
36.580 0.927 3.968
36.605 0.616 3.361
36.630 0.194 2.802
36.655 -0.139 2.145
36.680 -0.516 1.489
36.705 -0.893 0.833
36.730 -1.271 0.299
36.755 -1.559 -0.309
36.780 -1.915 -0.965
36.805 -2.270 -1.524
36.830 -2.536 -2.107
36.855 -2.869 -2.666
36.880 -3.158 -3.200
36.905 -3.335 -3.565
36.930 -3.580 -3.978
36.955 -3.779 -4.367
36.980 -3.957 -4.683
37.005 -4.112 -4.926
37.030 -4.223 -5.144
37.055 -4.268 -5.315
37.080 -4.334 -5.339
37.105 -4.357 -5.363
37.130 -4.290 -5.363
37.155 -4.201 -5.242
37.180 -4.090 -5.047
37.205 -3.913 -4.804
37.230 -3.824 -4.610
37.255 -3.624 -4.221
37.280 -3.424 -3.832
37.305 -3.158 -3.395
37.330 -2.803 -2.958
37.355 -2.558 -2.447
37.380 -2.359 -1.913
37.405 -2.048 -1.354
37.430 -1.693 -0.698
37.455 -1.226 -0.114
37.480 -0.893 0.493
37.505 -0.538 1.125
37.530 -0.183 1.805
37.555 0.194 2.389
37.580 0.527 3.093
37.605 0.905 3.628
37.630 1.238 4.260
37.655 1.504 4.697
37.680 1.793 5.207
37.705 2.059 5.669
37.730 2.326 6.106
37.755 2.503 6.519
37.780 2.725 6.811
37.805 2.925 7.151
37.830 3.036 7.297
37.855 3.125 7.443
37.880 3.125 7.589
37.905 3.236 7.516
37.930 3.147 7.516
37.955 3.080 7.346
37.980 2.969 7.273
38.005 2.858 7.078
38.030 2.681 6.884
38.055 2.459 6.519
38.080 2.237 6.179
38.105 1.970 5.766
38.130 1.682 5.329
38.155 1.371 4.746
38.180 1.038 4.284
38.205 0.683 3.725
38.230 0.305 3.093
38.255 -0.072 2.461
38.280 -0.405 1.854
38.305 -0.760 1.173
38.330 -1.115 0.639
38.355 -1.382 -0.090
38.380 -1.737 -0.625
38.405 -2.137 -1.281
38.430 -2.425 -1.767
38.455 -2.714 -2.374
38.480 -3.025 -2.860
38.505 -3.269 -3.298
38.530 -3.491 -3.808
38.555 -3.646 -4.148
38.580 -3.868 -4.513
38.605 -3.979 -4.877
38.630 -4.112 -5.072
38.655 -4.223 -5.290
38.680 -4.268 -5.315
38.705 -4.268 -5.339
38.730 -4.268 -5.339
38.755 -4.223 -5.339
38.780 -4.135 -5.193
38.805 -4.024 -5.047
38.830 -3.890 -4.756
38.855 -3.668 -4.440
38.880 -3.535 -4.027
38.905 -3.224 -3.614
38.930 -2.958 -3.176
38.955 -2.692 -2.739
38.980 -2.403 -2.228
39.005 -2.114 -1.645
39.030 -1.781 -1.013
39.055 -1.404 -0.430
39.080 -1.138 0.201
39.105 -0.760 0.833
39.130 -0.338 1.465
39.155 0.039 2.000
39.180 0.350 2.631
39.205 0.705 3.263
39.230 0.994 3.871
39.255 1.371 4.381
39.280 1.660 4.964
39.305 1.948 5.450
39.330 2.192 5.888
39.355 2.437 6.276
39.380 2.636 6.617
39.405 2.814 6.908
39.430 2.969 7.248
39.455 3.103 7.370
39.480 3.125 7.516
39.505 3.125 7.564
39.530 3.125 7.589
39.555 3.080 7.491
39.580 2.925 7.394
39.605 2.858 7.248
39.630 2.703 7.030
39.655 2.481 6.690
39.680 2.326 6.422
39.705 2.104 5.961
39.730 1.793 5.547
39.755 1.504 5.086
39.780 1.171 4.551
39.805 0.860 4.090
39.830 0.550 3.458
39.855 0.172 2.850
39.880 -0.116 2.267
39.905 -0.560 1.611
39.930 -0.916 0.955
39.955 -1.160 0.347
39.980 -1.604 -0.284
40.005 -1.870 -0.916
40.030 -2.203 -1.451
40.055 -2.558 -2.034
40.080 -2.780 -2.544
40.105 -3.113 -3.128
40.130 -3.402 -3.516
40.155 -3.580 -4.002
40.180 -3.802 -4.391
40.205 -3.935 -4.707
40.230 -4.024 -4.926
40.255 -4.112 -5.169
40.280 -4.268 -5.290
40.305 -4.290 -5.387
40.330 -4.312 -5.363
40.355 -4.223 -5.387
40.380 -4.157 -5.242
40.405 -4.024 -5.169
40.430 -3.913 -4.926
40.455 -3.757 -4.586
40.480 -3.624 -4.270
40.505 -3.380 -3.905
40.530 -3.158 -3.516
40.555 -2.869 -3.079
40.580 -2.581 -2.471
40.605 -2.270 -1.985
40.630 -1.959 -1.451
40.655 -1.582 -0.770
40.680 -1.226 -0.139
40.705 -0.893 0.445
40.730 -0.516 1.076
40.755 -0.161 1.708
40.780 0.217 2.364
40.805 0.550 2.972
40.830 0.860 3.579
40.855 1.216 4.138
40.880 1.549 4.673
40.905 1.748 5.183
40.930 2.015 5.596
40.955 2.281 5.985
40.980 2.525 6.422
41.005 2.681 6.787
41.030 2.858 7.030
41.055 2.992 7.248
41.080 2.992 7.419
41.105 3.103 7.540
41.130 3.169 7.662
41.155 3.147 7.589
41.180 3.080 7.443
41.205 2.903 7.346
41.230 2.747 7.127
41.255 2.592 6.908
41.280 2.414 6.544
41.305 2.192 6.179
41.330 1.948 5.790
41.355 1.704 5.304
41.380 1.415 4.843
41.405 1.016 4.332
41.430 0.683 3.774
41.455 0.372 3.166
41.480 0.017 2.559
41.505 -0.294 2.000
41.530 -0.671 1.271
41.555 -1.004 0.615
41.580 -1.426 0.031
41.605 -1.781 -0.600
41.630 -2.070 -1.208
41.655 -2.403 -1.767
41.680 -2.647 -2.301
41.705 -2.936 -2.860
41.730 -3.202 -3.322
41.755 -3.446 -3.759
41.780 -3.668 -4.148
41.805 -3.846 -4.537
41.830 -3.957 -4.829
41.855 -4.135 -5.072
41.880 -4.157 -5.266
41.905 -4.246 -5.339
41.930 -4.201 -5.387
41.955 -4.223 -5.412
41.980 -4.201 -5.339
42.005 -4.068 -5.193
42.030 -3.979 -4.999
42.055 -3.868 -4.756
42.080 -3.713 -4.440
42.105 -3.446 -4.100
42.130 -3.247 -3.759
42.155 -2.958 -3.298
42.180 -2.669 -2.787
42.205 -2.425 -2.253
42.230 -2.070 -1.742
42.255 -1.737 -1.159
42.280 -1.426 -0.527
42.305 -1.049 0.153
42.330 -0.671 0.760
42.355 -0.294 1.392
42.380 -0.005 2.000
42.405 0.350 2.680
42.430 0.683 3.263
42.455 1.038 3.871
42.480 1.327 4.405
42.505 1.660 4.940
42.530 1.926 5.426
42.555 2.126 5.863
42.580 2.370 6.252
42.605 2.592 6.617
42.630 2.814 6.933
42.655 2.903 7.151
42.680 2.903 7.346
42.705 3.036 7.516
42.730 3.058 7.589
42.755 3.058 7.589
42.780 3.036 7.613
42.805 3.036 7.443
42.830 2.836 7.273
42.855 2.592 7.030
42.880 2.459 6.762
42.905 2.281 6.471
42.930 2.081 6.034
42.955 1.748 5.547
42.980 1.460 5.037
43.005 1.149 4.624
43.030 0.860 4.041
43.055 0.550 3.433
43.080 0.106 2.874
43.105 -0.183 2.194
43.130 -0.583 1.538
43.155 -0.916 0.955
43.180 -1.182 0.372
43.205 -1.559 -0.333
43.230 -1.915 -0.941
43.255 -2.225 -1.475
43.280 -2.536 -2.058
43.305 -2.825 -2.617
43.330 -3.091 -3.128
43.355 -3.291 -3.565
43.380 -3.557 -4.051
43.405 -3.713 -4.318
43.430 -3.868 -4.683
43.455 -3.979 -4.901
43.480 -4.090 -5.144
43.505 -4.179 -5.290
43.530 -4.201 -5.436
43.555 -4.135 -5.412
43.580 -4.135 -5.412
43.605 -4.112 -5.290
43.630 -4.001 -5.144
43.655 -3.824 -4.853
43.680 -3.713 -4.610
43.705 -3.535 -4.343
43.730 -3.313 -3.929
43.755 -3.136 -3.541
43.780 -2.825 -3.103
43.805 -2.536 -2.544
43.830 -2.248 -2.034
43.855 -1.915 -1.475
43.880 -1.604 -0.868
43.905 -1.293 -0.236
43.930 -0.938 0.420
43.955 -0.538 1.076
43.980 -0.183 1.684
44.005 0.150 2.316
44.030 0.505 2.923
44.055 0.816 3.506
44.080 1.127 4.162
44.105 1.393 4.673
44.130 1.704 5.110
44.155 2.037 5.669
44.180 2.237 6.058
44.205 2.414 6.471
44.230 2.614 6.738
44.255 2.747 7.054
44.280 2.881 7.273
44.305 2.903 7.394
44.330 3.058 7.540
44.355 3.080 7.540
44.380 3.014 7.516
44.405 2.947 7.491
44.430 2.925 7.321
44.455 2.703 7.151
44.480 2.614 6.908
44.505 2.392 6.592
44.530 2.192 6.276
44.555 1.926 5.815
44.580 1.593 5.353
44.605 1.282 4.867
44.630 1.016 4.308
44.655 0.705 3.822
44.680 0.394 3.190
44.705 -0.005 2.583
44.730 -0.338 1.975
44.755 -0.760 1.319
44.780 -1.027 0.639
44.805 -1.337 -0.017
44.830 -1.737 -0.625
44.855 -1.981 -1.184
44.880 -2.336 -1.791
44.905 -2.603 -2.301
44.930 -2.869 -2.885
44.955 -3.113 -3.346
44.980 -3.380 -3.832
45.005 -3.580 -4.221
45.030 -3.779 -4.561
45.055 -3.957 -4.877
45.080 -4.001 -5.144
45.105 -4.157 -5.266
45.130 -4.157 -5.387
45.155 -4.179 -5.363
45.180 -4.157 -5.436
45.205 -4.090 -5.363
45.230 -4.046 -5.217
45.255 -3.890 -5.047
45.280 -3.757 -4.804
45.305 -3.691 -4.513
45.330 -3.402 -4.172
45.355 -3.158 -3.784
45.380 -2.958 -3.346
45.405 -2.714 -2.836
45.430 -2.425 -2.253
45.455 -2.092 -1.694
45.480 -1.804 -1.159
45.505 -1.471 -0.527
45.530 -1.071 0.056
45.555 -0.782 0.760
45.580 -0.383 1.319
45.605 -0.028 1.951
45.630 0.328 2.631
45.655 0.616 3.288
45.680 0.949 3.846
45.705 1.238 4.381
45.730 1.637 4.940
45.755 1.837 5.426
45.780 2.148 5.888
45.805 2.281 6.228
45.830 2.592 6.617
45.855 2.725 6.957
45.880 2.858 7.176
45.905 2.881 7.394
45.930 2.947 7.516
45.955 3.014 7.564
45.980 3.036 7.613
46.005 2.969 7.564
46.030 2.903 7.443
46.055 2.814 7.273
46.080 2.681 7.030
46.105 2.437 6.738
46.130 2.215 6.422
46.155 2.015 6.034
46.180 1.748 5.572
46.205 1.460 5.159
46.230 1.149 4.575
46.255 0.838 4.017
46.280 0.572 3.433
46.305 0.150 2.850
46.330 -0.205 2.218
46.355 -0.560 1.611
46.380 -0.805 0.979
46.405 -1.182 0.347
46.430 -1.582 -0.333
46.455 -1.892 -0.916
46.480 -2.159 -1.475
46.505 -2.470 -2.058
46.530 -2.736 -2.642
46.555 -2.980 -3.079
46.580 -3.202 -3.614
46.605 -3.535 -4.002
46.630 -3.602 -4.415
46.655 -3.779 -4.683
46.680 -3.935 -4.950
46.705 -4.068 -5.144
46.730 -4.135 -5.315
46.755 -4.201 -5.412
46.780 -4.201 -5.485
46.805 -4.135 -5.412
46.830 -4.068 -5.315
46.855 -3.935 -5.144
46.880 -3.824 -4.999
46.905 -3.713 -4.707
46.930 -3.513 -4.343
46.955 -3.335 -3.929
46.980 -3.069 -3.565
47.005 -2.780 -3.030
47.030 -2.514 -2.569
47.055 -2.248 -2.010
47.080 -1.915 -1.427
47.105 -1.582 -0.795
47.130 -1.293 -0.260
47.155 -1.004 0.396
47.180 -0.583 1.028
47.205 -0.272 1.684
47.230 0.083 2.316
47.255 0.416 2.972
47.280 0.772 3.579
47.305 1.060 4.162
47.330 1.393 4.673
47.355 1.615 5.183
47.380 1.993 5.596
47.405 2.237 6.034
47.430 2.414 6.447
47.455 2.570 6.762
47.480 2.703 7.030
47.505 2.770 7.273
47.530 2.925 7.443
47.555 2.969 7.589
47.580 2.947 7.589
47.605 2.992 7.564
47.630 2.925 7.491
47.655 2.792 7.394
47.680 2.681 7.151
47.705 2.503 6.835
47.730 2.348 6.495
47.755 2.148 6.204
47.780 1.837 5.839
47.805 1.593 5.353
47.830 1.349 4.818
47.855 1.038 4.332
47.880 0.727 3.774
47.905 0.394 3.142
47.930 0.106 2.510
47.955 -0.294 1.927
47.980 -0.583 1.295
48.005 -1.004 0.712
48.030 -1.337 -0.017
48.055 -1.648 -0.625
48.080 -1.959 -1.208
48.105 -2.314 -1.767
48.130 -2.558 -2.374
48.155 -2.847 -2.836
48.180 -3.069 -3.371
48.205 -3.335 -3.881
48.230 -3.491 -4.245
48.255 -3.713 -4.513
48.280 -3.868 -4.780
48.305 -3.890 -4.974
48.330 -4.068 -5.266
48.355 -4.112 -5.339
48.380 -4.112 -5.412
48.405 -4.135 -5.436
48.430 -4.068 -5.387
48.455 -4.046 -5.242
48.480 -3.890 -5.072
48.505 -3.779 -4.804
48.530 -3.557 -4.488
48.555 -3.402 -4.148
48.580 -3.158 -3.784
48.605 -2.980 -3.298
48.630 -2.669 -2.787
48.655 -2.447 -2.204
48.680 -2.070 -1.694
48.705 -1.804 -1.111
48.730 -1.493 -0.527
48.755 -1.160 0.153
48.780 -0.827 0.712
48.805 -0.405 1.368
48.830 -0.072 2.000
48.855 0.261 2.631
48.880 0.594 3.312
48.905 0.905 3.846
48.930 1.171 4.381
48.955 1.526 4.940
48.980 1.771 5.402
49.005 2.037 5.839
49.030 2.281 6.252
49.055 2.414 6.617
49.080 2.570 6.908
49.105 2.747 7.151
49.130 2.858 7.370
49.155 2.947 7.516
49.180 2.947 7.613
49.205 2.947 7.564
49.230 2.903 7.540
49.255 2.836 7.443
49.280 2.725 7.273
49.305 2.614 7.054
49.330 2.437 6.714
49.355 2.215 6.349
49.380 1.993 5.985
49.405 1.682 5.572
49.430 1.504 5.086
49.455 1.193 4.575
49.480 0.883 4.041
49.505 0.527 3.458
49.530 0.283 2.826
49.555 -0.139 2.194
49.580 -0.449 1.562
49.605 -0.849 0.979
49.630 -1.138 0.274
49.655 -1.493 -0.333
49.680 -1.759 -0.965
49.705 -2.092 -1.524
49.730 -2.336 -2.107
49.755 -2.603 -2.569
49.780 -2.847 -3.103
49.805 -3.113 -3.565
49.830 -3.402 -3.954
49.855 -3.535 -4.318
49.880 -3.691 -4.731
49.905 -3.824 -4.950
49.930 -4.046 -5.169
49.955 -4.068 -5.339
49.980 -4.068 -5.436
50.005 -4.112 -5.363
50.030 -4.090 -5.387
50.055 -4.090 -5.242
50.080 -3.935 -5.144
50.105 -3.824 -4.926
50.130 -3.713 -4.634
50.155 -3.535 -4.294
50.180 -3.335 -3.978
50.205 -3.091 -3.565
50.230 -2.825 -3.079
50.255 -2.603 -2.569
50.280 -2.270 -1.961
50.305 -1.959 -1.329
50.330 -1.626 -0.795
50.355 -1.271 -0.163
50.380 -0.982 0.396
50.405 -0.627 1.125
50.430 -0.272 1.732
50.455 0.083 2.340
50.480 0.394 2.947
50.505 0.705 3.555
50.530 1.016 4.162
50.555 1.304 4.673
50.580 1.593 5.207
50.605 1.793 5.645
50.630 2.126 6.082
50.655 2.348 6.471
50.680 2.481 6.811
50.705 2.659 7.078
50.730 2.836 7.273
50.755 2.881 7.443
50.780 2.969 7.516
50.805 2.947 7.589
50.830 2.925 7.540
50.855 2.858 7.467
50.880 2.770 7.321
50.905 2.636 7.151
50.930 2.503 6.933
50.955 2.326 6.519
50.980 2.192 6.131
51.005 1.926 5.815
51.030 1.593 5.329
51.055 1.349 4.818
51.080 0.994 4.235
51.105 0.727 3.676
51.130 0.439 3.142
51.155 0.083 2.534
51.180 -0.316 1.878
51.205 -0.671 1.271
51.230 -0.916 0.566
51.255 -1.249 0.007
51.280 -1.559 -0.600
51.305 -1.870 -1.256
51.330 -2.248 -1.840
51.355 -2.536 -2.399
51.380 -2.758 -2.909
51.405 -3.047 -3.395
51.430 -3.247 -3.808
51.455 -3.513 -4.197
51.480 -3.646 -4.561
51.505 -3.779 -4.853
51.530 -3.890 -5.023
51.555 -4.024 -5.217
51.580 -4.068 -5.363
51.605 -4.135 -5.412
51.630 -4.024 -5.387
51.655 -4.090 -5.290
51.680 -4.046 -5.193
51.705 -3.868 -4.926
51.730 -3.713 -4.731
51.755 -3.602 -4.440
51.780 -3.380 -4.124
51.805 -3.202 -3.711
51.830 -3.002 -3.273
51.855 -2.758 -2.812
51.880 -2.470 -2.253
51.905 -2.159 -1.670
51.930 -1.848 -1.135
51.955 -1.493 -0.479
51.980 -1.204 0.129
52.005 -0.849 0.785
52.030 -0.449 1.368
52.055 -0.183 2.000
52.080 0.239 2.656
52.105 0.527 3.215
52.130 0.838 3.774
52.155 1.060 4.405
52.180 1.415 4.867
52.205 1.704 5.450
52.230 1.970 5.863
52.255 2.192 6.301
52.280 2.348 6.617
52.305 2.570 6.908
52.330 2.703 7.127
52.355 2.747 7.346
52.380 2.881 7.419
52.405 2.858 7.564
52.430 2.903 7.516
52.455 2.881 7.589
52.480 2.770 7.419
52.505 2.725 7.248
52.530 2.614 7.030
52.555 2.392 6.787
52.580 2.237 6.398
52.605 1.993 6.009
52.630 1.793 5.572
52.655 1.549 5.086
52.680 1.216 4.503
52.705 0.949 4.065
52.730 0.572 3.433
52.755 0.283 2.826
52.780 -0.005 2.218
52.805 -0.405 1.611
52.830 -0.760 0.930
52.855 -1.093 0.299
52.880 -1.426 -0.284
52.905 -1.759 -0.941
52.930 -2.026 -1.499
52.955 -2.425 -2.083
52.980 -2.669 -2.642
53.005 -2.914 -3.103
53.030 -3.158 -3.541
53.055 -3.335 -3.954
53.080 -3.535 -4.415
53.105 -3.757 -4.707
53.130 -3.868 -4.950
53.155 -3.935 -5.096
53.180 -3.957 -5.266
53.205 -4.090 -5.315
53.230 -4.090 -5.363
53.255 -4.046 -5.363
53.280 -3.979 -5.315
53.305 -3.913 -5.169
53.330 -3.868 -4.901
53.355 -3.713 -4.634
53.380 -3.580 -4.318
53.405 -3.358 -3.929
53.430 -3.091 -3.468
53.455 -2.847 -3.006
53.480 -2.581 -2.423
53.505 -2.292 -1.913
53.530 -2.048 -1.354
53.555 -1.715 -0.770
53.580 -1.382 -0.163
53.605 -1.049 0.493
53.630 -0.694 1.101
53.655 -0.361 1.684
53.680 -0.005 2.340
53.705 0.283 2.947
53.730 0.683 3.531
53.755 0.971 4.138
53.780 1.282 4.624
53.805 1.549 5.183
53.830 1.793 5.620
53.855 2.037 6.058
53.880 2.303 6.447
53.905 2.481 6.762
53.930 2.636 7.054
53.955 2.770 7.273
53.980 2.814 7.419
54.005 2.881 7.491
54.030 2.903 7.540
54.055 2.858 7.491
54.080 2.925 7.419
54.105 2.814 7.297
54.130 2.636 7.054
54.155 2.459 6.811
54.180 2.392 6.447
54.205 2.192 6.106
54.230 1.970 5.742
54.255 1.637 5.304
54.280 1.349 4.746
54.305 1.038 4.284
54.330 0.794 3.749
54.355 0.505 3.117
54.380 0.194 2.486
54.405 -0.227 1.878
54.430 -0.538 1.271
54.455 -0.849 0.639
54.480 -1.138 -0.066
54.505 -1.493 -0.600
54.530 -1.870 -1.208
54.555 -2.159 -1.815
54.580 -2.514 -2.350
54.605 -2.780 -2.885
54.630 -2.958 -3.322
54.655 -3.180 -3.711
54.680 -3.402 -4.172
54.705 -3.602 -4.440
54.730 -3.713 -4.780
54.755 -3.890 -4.974
54.780 -4.001 -5.193
54.805 -4.090 -5.315
54.830 -4.046 -5.412
54.855 -4.112 -5.339
54.880 -4.001 -5.290
54.905 -3.913 -5.144
54.930 -3.868 -4.999
54.955 -3.779 -4.731
54.980 -3.624 -4.440
55.005 -3.380 -4.124
55.030 -3.247 -3.686
55.055 -3.002 -3.298
55.080 -2.736 -2.787
55.105 -2.470 -2.204
55.130 -2.159 -1.670
55.155 -1.870 -1.062
55.180 -1.537 -0.455
55.205 -1.204 0.153
55.230 -0.982 0.833
55.255 -0.583 1.441
55.280 -0.227 2.000
55.305 0.106 2.631
55.330 0.439 3.190
55.355 0.749 3.822
55.380 1.105 4.381
55.405 1.393 4.867
55.430 1.660 5.329
55.455 1.882 5.815
55.480 2.148 6.179
55.505 2.348 6.519
55.530 2.525 6.811
55.555 2.703 7.151
55.580 2.792 7.321
55.605 2.925 7.467
55.630 2.903 7.491
55.655 2.903 7.491
55.680 2.858 7.467
55.705 2.814 7.346
55.730 2.725 7.151
55.755 2.614 6.957
55.780 2.392 6.617
55.805 2.170 6.276
55.830 2.015 5.936
55.855 1.793 5.475
55.880 1.549 4.989
55.905 1.304 4.478
55.930 1.060 3.944
55.955 0.727 3.409
55.980 0.350 2.802
56.005 0.039 2.145
56.030 -0.361 1.611
56.055 -0.671 0.930
56.080 -0.916 0.323
56.105 -1.271 -0.284
56.130 -1.715 -0.868
56.155 -1.981 -1.524
56.180 -2.292 -2.083
56.205 -2.581 -2.642
56.230 -2.825 -3.103
56.255 -3.136 -3.541
56.280 -3.358 -4.002
56.305 -3.535 -4.343
56.330 -3.713 -4.610
56.355 -3.757 -4.877
56.380 -3.913 -5.096
56.405 -4.001 -5.242
56.430 -4.046 -5.387
56.455 -4.024 -5.387
56.480 -4.112 -5.315
56.505 -4.024 -5.144
56.530 -3.935 -4.999
56.555 -3.846 -4.829
56.580 -3.691 -4.561
56.605 -3.557 -4.172
56.630 -3.358 -3.881
56.655 -3.091 -3.371
56.680 -2.869 -2.909
56.705 -2.669 -2.471
56.730 -2.403 -1.961
56.755 -2.114 -1.329
56.780 -1.715 -0.722
56.805 -1.448 -0.090
56.830 -1.093 0.517
56.855 -0.716 1.076
56.880 -0.383 1.757
56.905 -0.072 2.340
56.930 0.239 2.996
56.955 0.594 3.531
56.980 0.883 4.162
57.005 1.216 4.624
57.030 1.460 5.086
57.055 1.748 5.547
57.080 2.015 6.058
57.105 2.237 6.447
57.130 2.414 6.714
57.155 2.592 7.005
57.180 2.770 7.127
57.205 2.814 7.321
57.230 2.903 7.443
57.255 2.969 7.516
57.280 2.903 7.491
57.305 2.836 7.297
57.330 2.836 7.200
57.355 2.725 7.030
57.380 2.636 6.762
57.405 2.437 6.422
57.430 2.237 6.106
57.455 1.970 5.669
57.480 1.682 5.232
57.505 1.438 4.721
57.530 1.105 4.187
57.555 0.816 3.603
57.580 0.439 3.069
57.605 0.172 2.486
57.630 -0.227 1.902
57.655 -0.494 1.198
57.680 -0.805 0.639
57.705 -1.182 -0.066
57.730 -1.537 -0.673
57.755 -1.804 -1.208
57.780 -2.092 -1.767
57.805 -2.381 -2.326
57.830 -2.625 -2.860
57.855 -2.914 -3.298
57.880 -3.180 -3.735
57.905 -3.402 -4.172
57.930 -3.602 -4.488
57.955 -3.735 -4.731
57.980 -3.846 -4.950
58.005 -3.935 -5.120
58.030 -4.068 -5.242
58.055 -4.068 -5.266
58.080 -4.157 -5.290
58.105 -4.068 -5.217
58.130 -4.046 -5.047
58.155 -3.979 -4.926
58.180 -3.802 -4.634
58.205 -3.624 -4.294
58.230 -3.491 -3.978
58.255 -3.247 -3.541
58.280 -3.047 -3.152
58.305 -2.780 -2.642
58.330 -2.492 -2.156
58.355 -2.181 -1.621
58.380 -1.915 -1.013
58.405 -1.559 -0.430
58.430 -1.271 0.226
58.455 -0.916 0.858
58.480 -0.605 1.441
58.505 -0.250 2.024
58.530 0.061 2.680
58.555 0.461 3.239
58.580 0.705 3.822
58.605 1.082 4.357
58.630 1.371 4.916
58.655 1.637 5.329
58.680 1.926 5.839
58.705 2.170 6.204
58.730 2.326 6.471
58.755 2.503 6.762
58.780 2.592 7.030
58.805 2.792 7.176
58.830 2.881 7.346
58.855 2.925 7.394
58.880 2.903 7.419
58.905 2.881 7.370
58.930 2.792 7.248
58.955 2.747 7.078
58.980 2.659 6.860
59.005 2.525 6.568
59.030 2.348 6.276
59.055 2.104 5.863
59.080 1.859 5.450
59.105 1.571 4.964
59.130 1.238 4.430
59.155 1.016 3.919
59.180 0.705 3.336
59.205 0.372 2.802
59.230 -0.028 2.145
59.255 -0.294 1.465
59.280 -0.605 0.930
59.305 -0.982 0.250
59.330 -1.293 -0.333
59.355 -1.582 -0.892
59.380 -1.959 -1.475
59.405 -2.292 -2.107
59.430 -2.581 -2.520
59.455 -2.825 -3.006
59.480 -3.113 -3.443
59.505 -3.269 -3.929
59.530 -3.535 -4.270
59.555 -3.735 -4.586
59.580 -3.846 -4.756
59.605 -3.913 -4.999
59.630 -4.024 -5.120
59.655 -4.024 -5.217
59.680 -4.068 -5.266
59.705 -4.068 -5.169
59.730 -4.068 -5.096
59.755 -3.979 -4.999
59.780 -3.846 -4.731
59.805 -3.735 -4.513
59.830 -3.557 -4.124
59.855 -3.402 -3.735
59.880 -3.136 -3.322
59.905 -2.891 -2.933
59.930 -2.669 -2.350
59.955 -2.336 -1.840
59.980 -2.092 -1.208
60.005 -1.693 -0.722
60.030 -1.382 -0.114
60.055 -1.071 0.566
60.080 -0.716 1.101
60.105 -0.361 1.708
60.130 -0.072 2.364
60.155 0.328 2.899
60.180 0.550 3.531
60.205 0.949 4.162
60.230 1.216 4.600
60.255 1.504 5.061
60.280 1.726 5.572
60.305 2.037 5.912
60.330 2.192 6.325
60.355 2.392 6.617
60.380 2.570 6.884
60.405 2.747 7.103
60.430 2.792 7.248
60.455 2.969 7.394
60.480 2.881 7.370
60.505 2.881 7.297
60.530 2.836 7.248
60.555 2.792 7.127
60.580 2.747 6.933
60.605 2.636 6.665
60.630 2.348 6.349
60.655 2.192 5.961
60.680 1.948 5.572
60.705 1.704 5.159
60.730 1.349 4.673
60.755 1.105 4.187
60.780 0.860 3.628
60.805 0.572 3.045
60.830 0.239 2.486
60.855 -0.139 1.805
60.880 -0.494 1.222
60.905 -0.760 0.615
60.930 -1.115 0.007
60.955 -1.426 -0.649
60.980 -1.826 -1.159
61.005 -2.114 -1.742
61.030 -2.403 -2.277
61.055 -2.692 -2.763
61.080 -2.980 -3.225
61.105 -3.136 -3.686
61.130 -3.380 -4.002
61.155 -3.491 -4.440
61.180 -3.779 -4.634
61.205 -3.935 -4.829
61.230 -4.001 -5.047
61.255 -4.046 -5.193
61.280 -4.135 -5.169
61.305 -4.135 -5.193
61.330 -4.068 -5.120
61.355 -3.979 -4.950
61.380 -3.935 -4.780
61.405 -3.802 -4.561
61.430 -3.668 -4.245
61.455 -3.446 -3.905
61.480 -3.269 -3.541
61.505 -3.069 -3.128
61.530 -2.869 -2.617
61.555 -2.558 -2.180
61.580 -2.270 -1.597
61.605 -1.981 -0.965
61.630 -1.626 -0.406
61.655 -1.293 0.153
61.680 -0.982 0.809
61.705 -0.627 1.368
61.730 -0.272 2.073
61.755 0.083 2.656
61.780 0.372 3.215
61.805 0.772 3.725
61.830 1.082 4.284
61.855 1.393 4.794
61.880 1.637 5.280
61.905 1.882 5.669
61.930 2.126 6.082
61.955 2.259 6.398
61.980 2.459 6.738
62.005 2.681 6.981
62.030 2.814 7.151
62.055 2.925 7.297
62.080 2.903 7.321
62.105 2.903 7.321
62.130 2.925 7.248
62.155 2.881 7.151
62.180 2.792 7.030
62.205 2.636 6.714
62.230 2.459 6.519
62.255 2.348 6.131
62.280 2.126 5.815
62.305 1.882 5.329
62.330 1.615 4.940
62.355 1.371 4.405
62.380 1.016 3.871
62.405 0.727 3.312
62.430 0.328 2.729
62.455 0.061 2.121
62.480 -0.294 1.587
62.505 -0.560 0.930
62.530 -0.960 0.347
62.555 -1.315 -0.284
62.580 -1.626 -0.892
62.605 -1.937 -1.451
62.630 -2.292 -1.937
62.655 -2.514 -2.471
62.680 -2.803 -2.933
62.705 -3.091 -3.419
62.730 -3.291 -3.711
62.755 -3.491 -4.172
62.780 -3.668 -4.488
62.805 -3.802 -4.780
62.830 -3.913 -4.877
62.855 -4.024 -5.047
62.880 -4.090 -5.120
62.905 -4.112 -5.144
62.930 -4.046 -5.072
62.955 -4.046 -4.999
62.980 -3.935 -4.829
63.005 -3.913 -4.659
63.030 -3.735 -4.391
63.055 -3.557 -4.100
63.080 -3.402 -3.711
63.105 -3.136 -3.322
63.130 -2.936 -2.812
63.155 -2.625 -2.350
63.180 -2.381 -1.767
63.205 -2.048 -1.256
63.230 -1.737 -0.698
63.255 -1.448 -0.139
63.280 -1.093 0.493
63.305 -0.760 1.052
63.330 -0.472 1.708
63.355 -0.094 2.267
63.380 0.261 2.874
63.405 0.572 3.482
63.430 0.883 4.065
63.455 1.238 4.527
63.480 1.526 4.964
63.505 1.704 5.426
63.530 1.904 5.863
63.555 2.237 6.228
63.580 2.370 6.568
63.605 2.570 6.811
63.630 2.725 7.030
63.655 2.881 7.176
63.680 2.925 7.273
63.705 2.947 7.273
63.730 2.881 7.273
63.755 2.903 7.151
63.780 2.858 7.103
63.805 2.770 6.884
63.830 2.592 6.592
63.855 2.481 6.325
63.880 2.192 5.985
63.905 1.970 5.547
63.930 1.771 5.134
63.955 1.504 4.648
63.980 1.171 4.187
64.005 0.860 3.628
64.030 0.550 3.045
64.055 0.239 2.486
64.080 -0.116 1.878
64.105 -0.427 1.222
64.130 -0.760 0.639
64.155 -1.093 0.007
64.180 -1.493 -0.552
64.205 -1.759 -1.159
64.230 -2.137 -1.694
64.255 -2.403 -2.253
64.280 -2.669 -2.666
64.305 -2.914 -3.176
64.330 -3.202 -3.565
64.355 -3.424 -3.954
64.380 -3.624 -4.197
64.405 -3.713 -4.561
64.430 -3.846 -4.780
64.455 -3.935 -4.926
64.480 -4.090 -5.072
64.505 -4.112 -5.072
64.530 -4.068 -5.047
64.555 -3.979 -4.950
64.580 -4.046 -4.877
64.605 -3.913 -4.683
64.630 -3.824 -4.391
64.655 -3.646 -4.197
64.680 -3.513 -3.857
64.705 -3.269 -3.516
64.730 -3.002 -3.079
64.755 -2.780 -2.617
64.780 -2.558 -2.083
64.805 -2.203 -1.548
64.830 -1.915 -0.965
64.855 -1.670 -0.406
64.880 -1.337 0.153
64.905 -0.960 0.785
64.930 -0.605 1.392
64.955 -0.294 1.927
64.980 0.106 2.631
65.005 0.439 3.215
65.030 0.705 3.749
65.055 1.016 4.211
65.080 1.371 4.721
65.105 1.660 5.207
65.130 1.882 5.596
65.155 2.126 5.985
65.180 2.348 6.374
65.205 2.570 6.592
65.230 2.614 6.860
65.255 2.814 7.030
65.280 2.858 7.176
65.305 2.992 7.273
65.330 3.036 7.224
65.355 2.969 7.176
65.380 2.881 7.151
65.405 2.792 6.957
65.430 2.614 6.714
65.455 2.592 6.447
65.480 2.348 6.106
65.505 2.170 5.742
65.530 1.904 5.304
65.555 1.593 4.843
65.580 1.304 4.430
65.605 1.105 3.871
65.630 0.772 3.336
65.655 0.461 2.777
65.680 0.061 2.170
65.705 -0.272 1.562
65.730 -0.605 1.003
65.755 -0.938 0.323
65.780 -1.293 -0.212
65.805 -1.648 -0.819
65.830 -2.048 -1.354
65.855 -2.292 -1.913
65.880 -2.558 -2.374
65.905 -2.758 -2.909
65.930 -3.069 -3.298
65.955 -3.291 -3.711
65.980 -3.513 -4.051
66.005 -3.713 -4.343
66.030 -3.913 -4.586
66.055 -3.957 -4.780
66.080 -4.046 -4.926
66.105 -4.112 -5.023
66.130 -4.135 -4.999
66.155 -4.135 -5.047
66.180 -4.112 -4.926
66.205 -3.979 -4.804
66.230 -3.913 -4.586
66.255 -3.757 -4.318
66.280 -3.646 -3.978
66.305 -3.358 -3.662
66.330 -3.224 -3.273
66.355 -2.958 -2.812
66.380 -2.736 -2.326
66.405 -2.447 -1.791
66.430 -2.137 -1.281
66.455 -1.804 -0.770
66.480 -1.493 -0.090
66.505 -1.115 0.420
66.530 -0.827 1.028
66.555 -0.427 1.611
66.580 -0.116 2.194
66.605 0.261 2.826
66.630 0.572 3.433
66.655 0.905 3.895
66.680 1.193 4.478
66.705 1.504 4.867
66.730 1.748 5.353
66.755 2.037 5.766
66.780 2.281 6.204
66.805 2.503 6.471
66.830 2.681 6.690
66.855 2.770 6.884
66.880 2.881 7.054
66.905 2.881 7.151
66.930 2.947 7.200
66.955 2.969 7.176
66.980 2.947 7.151
67.005 2.836 6.933
67.030 2.725 6.787
67.055 2.592 6.617
67.080 2.459 6.325
67.105 2.215 5.912
67.130 1.948 5.572
67.155 1.660 5.086
67.180 1.526 4.648
67.205 1.260 4.114
67.230 0.905 3.628
67.255 0.550 3.045
67.280 0.172 2.510
67.305 -0.116 1.878
67.330 -0.449 1.295
67.355 -0.760 0.663
67.380 -1.182 0.104
67.405 -1.448 -0.479
67.430 -1.759 -1.038
67.455 -2.070 -1.597
67.480 -2.447 -2.083
67.505 -2.714 -2.569
67.530 -2.958 -3.103
67.555 -3.224 -3.516
67.580 -3.469 -3.857
67.605 -3.602 -4.172
67.630 -3.735 -4.415
67.655 -3.935 -4.659
67.680 -3.935 -4.804
67.705 -4.068 -4.950
67.730 -4.135 -5.047
67.755 -4.135 -5.023
67.780 -4.135 -4.926
67.805 -4.024 -4.829
67.830 -3.935 -4.634
67.855 -3.802 -4.464
67.880 -3.668 -4.148
67.905 -3.469 -3.881
67.930 -3.291 -3.468
67.955 -3.025 -3.055
67.980 -2.780 -2.569
68.005 -2.492 -2.107
68.030 -2.270 -1.548
68.055 -1.937 -0.989
68.080 -1.582 -0.406
68.105 -1.293 0.104
68.130 -0.982 0.712
68.155 -0.627 1.319
68.180 -0.294 1.927
68.205 0.106 2.461
68.230 0.416 3.117
68.255 0.749 3.579
68.280 1.038 4.162
68.305 1.349 4.624
68.330 1.571 5.110
68.355 1.926 5.523
68.380 2.192 5.936
68.405 2.348 6.276
68.430 2.525 6.544
68.455 2.703 6.787
68.480 2.770 6.933
68.505 2.903 7.103
68.530 2.969 7.176
68.555 2.947 7.200
68.580 2.947 7.103
68.605 2.881 6.981
68.630 2.792 6.860
68.655 2.681 6.617
68.680 2.548 6.398
68.705 2.326 6.058
68.730 2.126 5.718
68.755 1.926 5.329
68.780 1.637 4.867
68.805 1.304 4.454
68.830 1.038 3.944
68.855 0.705 3.361
68.880 0.305 2.826
68.905 -0.005 2.194
68.930 -0.338 1.635
68.955 -0.583 1.028
68.980 -1.004 0.469
69.005 -1.337 -0.163
69.030 -1.670 -0.698
69.055 -1.959 -1.232
69.080 -2.314 -1.742
69.105 -2.536 -2.350
69.130 -2.847 -2.812
69.155 -3.091 -3.176
69.180 -3.335 -3.589
69.205 -3.513 -3.905
69.230 -3.757 -4.245
69.255 -3.846 -4.488
69.280 -3.957 -4.659
69.305 -3.979 -4.829
69.330 -4.090 -4.901
69.355 -4.157 -4.999
69.380 -4.090 -4.950
69.405 -4.046 -4.853
69.430 -4.001 -4.780
69.455 -3.913 -4.537
69.480 -3.779 -4.294
69.505 -3.646 -3.978
69.530 -3.402 -3.686
69.555 -3.158 -3.298
69.581 -2.958 -2.860
69.606 -2.669 -2.326
69.631 -2.425 -1.791
69.656 -2.092 -1.329
69.681 -1.781 -0.819
69.706 -1.471 -0.187
69.731 -1.071 0.445
69.756 -0.782 1.028
69.781 -0.405 1.635
69.806 -0.116 2.145
69.831 0.217 2.729
69.856 0.616 3.263
69.881 0.905 3.822
69.906 1.193 4.308
69.931 1.504 4.794
69.956 1.726 5.232
69.981 1.993 5.693
70.006 2.237 6.058
70.031 2.481 6.325
70.056 2.614 6.568
70.081 2.659 6.835
70.106 2.836 6.933
70.131 2.858 7.030
70.156 2.947 7.103
70.181 2.925 7.176
70.206 2.947 7.005
70.231 2.792 6.957
70.256 2.770 6.738
70.281 2.570 6.544
70.306 2.370 6.179
70.331 2.170 5.912
70.356 2.037 5.450
70.381 1.793 5.061
70.406 1.482 4.600
70.431 1.171 4.235
70.456 0.883 3.652
70.481 0.527 3.117
70.506 0.239 2.486
70.531 -0.116 1.951
70.556 -0.405 1.368
70.581 -0.805 0.833
70.606 -1.071 0.201
70.631 -1.515 -0.333
70.656 -1.781 -0.965
70.681 -2.114 -1.499
70.706 -2.403 -1.985
70.731 -2.780 -2.496
70.756 -2.936 -2.933
70.781 -3.269 -3.371
70.806 -3.402 -3.735
70.831 -3.602 -4.148
70.856 -3.713 -4.367
70.881 -3.846 -4.610
70.906 -4.024 -4.780
70.931 -4.068 -4.829
70.956 -4.090 -4.901
70.981 -4.112 -4.926
71.006 -4.068 -4.829
71.031 -4.024 -4.780
71.056 -3.957 -4.634
71.081 -3.846 -4.391
71.106 -3.691 -4.172
71.131 -3.513 -3.759
71.156 -3.269 -3.443
71.181 -3.047 -3.079
71.206 -2.803 -2.569
71.231 -2.492 -2.058
71.256 -2.203 -1.572
71.281 -1.892 -1.038
71.306 -1.604 -0.503
71.331 -1.315 0.080
71.356 -0.916 0.663
71.381 -0.605 1.222
71.406 -0.294 1.854
71.431 0.061 2.389
71.456 0.394 3.020
71.481 0.727 3.506
71.506 1.105 4.041
71.531 1.371 4.575
71.556 1.748 5.013
71.581 1.970 5.402
71.606 2.148 5.839
71.631 2.281 6.204
71.656 2.525 6.422
71.681 2.703 6.714
71.706 2.814 6.835
71.731 2.969 7.030
71.756 2.947 7.054
71.781 2.947 7.151
71.806 2.903 7.078
71.831 2.925 6.957
71.856 2.814 6.787
71.881 2.614 6.617
71.906 2.459 6.301
71.931 2.259 6.106
71.956 2.104 5.742
71.981 1.771 5.377
72.006 1.526 4.867
72.031 1.238 4.430
72.056 1.016 3.944
72.081 0.638 3.433
72.106 0.372 2.826
72.131 -0.028 2.291
72.156 -0.294 1.684
72.181 -0.671 1.149
72.206 -1.027 0.493
72.231 -1.382 -0.066
72.256 -1.648 -0.625
72.281 -1.981 -1.184
72.306 -2.292 -1.742
72.331 -2.625 -2.204
72.356 -2.891 -2.714
72.381 -3.069 -3.128
72.406 -3.313 -3.541
72.431 -3.513 -3.881
72.456 -3.646 -4.172
72.481 -3.846 -4.440
72.506 -3.935 -4.659
72.531 -4.024 -4.756
72.556 -4.112 -4.877
72.581 -4.135 -4.877
72.606 -4.090 -4.901
72.631 -4.046 -4.877
72.656 -3.935 -4.731
72.681 -3.868 -4.513
72.706 -3.779 -4.270
72.731 -3.491 -4.002
72.756 -3.313 -3.662
72.781 -3.113 -3.273
72.806 -2.847 -2.885
72.831 -2.581 -2.374
72.856 -2.292 -1.913
72.881 -2.026 -1.378
72.906 -1.693 -0.746
72.931 -1.360 -0.212
72.956 -1.071 0.299
72.981 -0.738 0.906
73.006 -0.472 1.416
73.031 -0.116 2.121
73.056 0.350 2.656
73.081 0.661 3.288
73.106 0.927 3.798
73.131 1.193 4.284
73.156 1.504 4.721
73.181 1.748 5.159
73.206 2.015 5.620
73.231 2.259 6.009
73.256 2.414 6.276
73.281 2.548 6.568
73.306 2.725 6.787
73.331 2.836 6.981
73.356 2.925 7.054
73.381 2.947 7.127
73.406 2.925 7.030
73.431 2.925 7.078
73.456 2.725 6.908
73.481 2.614 6.787
73.506 2.525 6.519
73.531 2.370 6.204
73.556 2.148 5.839
73.581 1.904 5.547
73.606 1.704 5.110
73.631 1.415 4.697
73.656 1.193 4.187
73.681 0.838 3.628
73.706 0.483 3.117
73.731 0.194 2.559
73.756 -0.139 2.000
73.781 -0.516 1.441
73.806 -0.782 0.858
73.831 -1.160 0.250
73.856 -1.471 -0.284
73.881 -1.804 -0.868
73.906 -2.092 -1.402
73.931 -2.403 -1.913
73.956 -2.692 -2.399
73.981 -2.958 -2.933
74.006 -3.247 -3.298
74.031 -3.402 -3.686
74.056 -3.602 -4.027
74.081 -3.735 -4.294
74.106 -3.846 -4.513
74.131 -3.979 -4.756
74.156 -4.112 -4.829
74.181 -4.179 -4.901
74.206 -4.068 -4.901
74.231 -4.024 -4.853
74.256 -3.935 -4.756
74.281 -3.890 -4.537
74.306 -3.802 -4.391
74.331 -3.602 -4.100
74.356 -3.380 -3.784
74.381 -3.247 -3.419
74.406 -3.069 -3.055
74.431 -2.803 -2.642
74.456 -2.536 -2.180
74.481 -2.248 -1.621
74.506 -1.848 -1.111
74.531 -1.559 -0.527
74.556 -1.271 -0.017
74.581 -0.916 0.590
74.606 -0.605 1.173
74.631 -0.272 1.781
74.656 0.083 2.340
74.681 0.416 2.874
74.706 0.772 3.385
74.731 1.038 3.944
74.756 1.393 4.478
