Symmetrische Eigenschwingung
29.2
0.025 0.838 3.555
0.050 1.127 4.843
0.081 1.327 5.426
0.106 1.460 5.766
0.131 1.615 5.985
0.156 1.771 6.179
0.181 1.837 6.276
0.206 1.948 6.374
0.231 1.970 6.374
0.256 1.926 6.374
0.281 1.948 6.349
0.306 1.904 6.204
0.331 1.815 6.034
0.356 1.704 5.839
0.381 1.615 5.572
0.406 1.460 5.353
0.431 1.260 4.989
0.456 1.060 4.673
0.481 0.949 4.260
0.506 0.594 3.919
0.531 0.394 3.433
0.556 0.106 3.020
0.581 -0.094 2.534
0.606 -0.427 2.048
0.639 -0.738 1.465
0.664 -1.027 1.028
0.689 -1.337 0.517
0.714 -1.648 0.080
0.739 -1.870 -0.382
0.764 -2.159 -0.795
0.789 -2.381 -1.256
0.814 -2.581 -1.572
0.839 -2.736 -1.913
0.864 -2.958 -2.204
0.889 -3.158 -2.496
0.914 -3.313 -2.739
0.939 -3.446 -2.958
0.964 -3.557 -3.152
0.989 -3.624 -3.200
1.014 -3.691 -3.273
1.039 -3.757 -3.298
1.064 -3.735 -3.249
1.089 -3.668 -3.200
1.114 -3.602 -3.079
1.139 -3.535 -2.958
1.164 -3.469 -2.690
1.189 -3.313 -2.471
1.214 -3.202 -2.180
1.239 -3.069 -1.913
1.264 -2.914 -1.572
1.289 -2.647 -1.159
1.314 -2.470 -0.795
1.339 -2.159 -0.382
1.364 -1.937 0.056
1.389 -1.670 0.517
1.414 -1.337 1.003
1.439 -1.049 1.489
1.464 -0.827 1.927
1.489 -0.560 2.413
1.514 -0.338 2.850
1.539 -0.072 3.312
1.564 0.261 3.725
1.589 0.527 4.114
1.614 0.705 4.478
1.639 0.971 4.818
1.664 1.149 5.061
1.689 1.349 5.377
1.714 1.593 5.645
1.739 1.748 5.863
1.764 1.815 6.034
1.789 1.859 6.179
1.814 1.948 6.228
1.839 2.059 6.301
1.864 1.970 6.276
1.889 1.948 6.179
1.914 1.948 6.106
1.939 1.882 5.961
1.964 1.771 5.766
1.989 1.637 5.547
2.014 1.438 5.304
2.039 1.304 4.989
2.064 1.082 4.673
2.089 0.883 4.284
2.114 0.705 3.944
2.139 0.439 3.531
2.164 0.150 3.117
2.189 -0.094 2.656
2.214 -0.427 2.170
2.239 -0.671 1.708
2.264 -0.938 1.222
2.289 -1.226 0.760
2.314 -1.493 0.323
2.339 -1.804 -0.066
2.364 -2.026 -0.503
2.389 -2.270 -0.892
2.414 -2.536 -1.329
2.439 -2.692 -1.742
2.464 -2.980 -1.985
2.489 -3.158 -2.277
2.514 -3.335 -2.496
2.539 -3.402 -2.739
2.564 -3.535 -2.933
2.589 -3.624 -3.055
2.614 -3.691 -3.176
2.639 -3.735 -3.200
2.664 -3.735 -3.200
2.689 -3.735 -3.176
2.714 -3.668 -3.055
2.739 -3.602 -2.958
2.764 -3.513 -2.763
2.789 -3.402 -2.569
2.814 -3.247 -2.326
2.839 -3.113 -1.961
2.864 -2.936 -1.670
2.889 -2.714 -1.329
2.914 -2.558 -0.941
2.939 -2.314 -0.552
2.964 -2.114 -0.163
2.989 -1.781 0.299
3.014 -1.493 0.809
3.039 -1.182 1.173
3.064 -0.982 1.659
3.089 -0.694 2.121
3.114 -0.405 2.583
3.139 -0.116 3.020
3.164 0.172 3.409
3.189 0.416 3.798
3.214 0.661 4.211
3.239 0.905 4.575
3.264 1.127 4.891
3.289 1.327 5.207
3.314 1.482 5.499
3.339 1.615 5.669
3.364 1.793 5.839
3.389 1.882 5.961
3.414 1.926 6.131
3.439 2.015 6.131
3.464 2.059 6.179
3.489 2.059 6.155
3.514 1.993 6.106
3.539 1.970 5.936
3.564 1.771 5.839
3.589 1.615 5.596
3.614 1.526 5.353
3.639 1.371 5.159
3.664 1.171 4.818
3.689 0.949 4.478
3.714 0.727 4.090
3.739 0.505 3.701
3.764 0.217 3.336
3.789 -0.005 2.899
3.814 -0.338 2.461
3.839 -0.560 2.024
3.864 -0.805 1.562
3.889 -1.093 1.101
3.914 -1.360 0.639
3.939 -1.670 0.153
3.964 -1.981 -0.212
3.989 -2.225 -0.673
4.014 -2.447 -1.013
4.039 -2.692 -1.451
4.064 -2.891 -1.742
4.089 -3.091 -2.131
4.114 -3.247 -2.326
4.139 -3.358 -2.569
4.164 -3.469 -2.787
4.189 -3.602 -2.933
4.214 -3.668 -3.030
4.239 -3.691 -3.176
4.264 -3.735 -3.200
4.289 -3.757 -3.128
4.314 -3.691 -3.079
4.339 -3.624 -3.006
4.364 -3.557 -2.836
4.389 -3.446 -2.617
4.414 -3.269 -2.447
4.439 -3.158 -2.253
4.464 -2.914 -1.913
4.489 -2.758 -1.548
4.514 -2.536 -1.159
4.539 -2.381 -0.843
4.564 -2.114 -0.406
4.589 -1.892 0.056
4.614 -1.626 0.469
4.639 -1.315 0.882
4.664 -1.004 1.271
4.689 -0.738 1.757
4.714 -0.472 2.243
4.739 -0.183 2.631
4.764 0.061 3.069
4.789 0.350 3.531
4.814 0.616 3.919
4.839 0.860 4.308
4.864 1.105 4.673
4.889 1.282 4.964
4.914 1.460 5.280
4.939 1.593 5.523
4.964 1.704 5.718
4.989 1.882 5.888
5.014 1.993 6.034
5.039 1.970 6.106
5.064 2.037 6.106
5.089 2.015 6.106
5.114 1.993 6.106
5.139 1.926 6.058
5.164 1.837 5.863
5.189 1.726 5.718
5.214 1.593 5.523
5.239 1.438 5.256
5.264 1.282 5.013
5.289 1.060 4.648
5.314 0.838 4.332
5.339 0.572 3.968
5.364 0.283 3.555
5.389 -0.005 3.166
5.414 -0.227 2.753
5.439 -0.516 2.267
5.464 -0.782 1.854
5.489 -1.071 1.416
5.514 -1.337 0.906
5.539 -1.648 0.493
5.564 -1.892 0.031
5.589 -2.181 -0.382
5.614 -2.403 -0.746
5.639 -2.625 -1.159
5.664 -2.780 -1.548
5.689 -3.002 -1.840
5.714 -3.158 -2.156
5.739 -3.291 -2.447
5.764 -3.424 -2.666
5.789 -3.580 -2.787
5.814 -3.602 -3.006
5.839 -3.668 -3.128
5.864 -3.713 -3.152
5.889 -3.735 -3.128
5.914 -3.668 -3.128
5.939 -3.668 -3.030
5.964 -3.513 -2.909
5.989 -3.424 -2.812
6.014 -3.313 -2.642
6.039 -3.180 -2.326
6.064 -2.980 -2.107
6.089 -2.780 -1.791
6.114 -2.669 -1.451
6.139 -2.403 -1.086
6.164 -2.159 -0.722
6.189 -1.915 -0.260
6.214 -1.604 0.129
6.239 -1.360 0.566
6.264 -1.049 1.052
6.289 -0.827 1.489
6.314 -0.516 1.951
6.339 -0.272 2.389
6.364 -0.005 2.874
6.389 0.283 3.263
6.414 0.527 3.628
6.439 0.772 4.114
6.464 0.971 4.405
6.489 1.171 4.746
6.514 1.371 5.061
6.539 1.526 5.353
6.564 1.660 5.547
6.589 1.748 5.790
6.614 1.859 5.936
6.639 1.948 6.058
6.664 1.993 6.179
6.689 1.948 6.155
6.714 2.015 6.106
6.739 1.926 6.106
6.764 1.815 6.034
6.789 1.726 5.863
6.814 1.637 5.669
6.839 1.482 5.426
6.864 1.260 5.207
6.889 1.082 4.916
6.914 0.860 4.600
6.939 0.572 4.211
6.964 0.394 3.846
6.989 0.083 3.409
7.014 -0.139 3.020
7.039 -0.383 2.583
7.064 -0.671 2.097
7.089 -0.982 1.659
7.114 -1.204 1.222
7.139 -1.559 0.736
7.164 -1.781 0.274
7.189 -2.048 -0.090
7.214 -2.270 -0.503
7.239 -2.470 -0.916
7.264 -2.714 -1.305
7.289 -2.936 -1.645
7.314 -3.069 -2.010
7.339 -3.358 -2.301
7.364 -3.335 -2.520
7.389 -3.469 -2.714
7.414 -3.557 -2.909
7.439 -3.646 -3.006
7.464 -3.735 -3.152
7.489 -3.735 -3.200
7.514 -3.691 -3.176
7.539 -3.668 -3.152
7.564 -3.535 -3.079
7.589 -3.424 -2.933
7.614 -3.335 -2.739
7.639 -3.247 -2.520
7.664 -3.091 -2.301
7.689 -2.936 -2.010
7.714 -2.692 -1.670
7.739 -2.514 -1.329
7.764 -2.203 -0.941
7.789 -1.937 -0.503
7.814 -1.693 -0.139
7.839 -1.448 0.323
7.864 -1.204 0.736
7.889 -0.938 1.295
7.914 -0.627 1.732
7.939 -0.405 2.243
7.964 -0.094 2.583
7.989 0.150 3.069
8.014 0.394 3.458
8.039 0.616 3.895
8.064 0.860 4.284
8.089 1.060 4.648
8.114 1.216 4.964
8.139 1.415 5.280
8.164 1.637 5.547
8.189 1.726 5.766
8.214 1.793 5.863
8.239 1.837 6.058
8.264 1.948 6.179
8.289 1.904 6.204
8.314 1.882 6.204
8.339 1.837 6.179
8.364 1.793 6.082
8.389 1.660 5.985
8.414 1.615 5.815
8.439 1.415 5.669
8.464 1.304 5.402
8.489 1.082 5.134
8.514 0.927 4.746
8.539 0.683 4.454
8.564 0.439 4.065
8.589 0.172 3.725
8.614 -0.050 3.263
8.639 -0.316 2.874
8.664 -0.538 2.364
8.689 -0.849 1.878
8.714 -1.138 1.441
8.739 -1.404 0.979
8.764 -1.626 0.517
8.789 -1.915 0.104
8.814 -2.137 -0.382
8.839 -2.425 -0.770
8.864 -2.603 -1.135
8.889 -2.803 -1.548
8.914 -2.958 -1.888
8.939 -3.113 -2.180
8.964 -3.291 -2.471
8.989 -3.380 -2.690
9.014 -3.469 -2.933
9.039 -3.602 -3.055
9.064 -3.602 -3.176
9.089 -3.602 -3.176
9.114 -3.602 -3.225
9.139 -3.580 -3.225
9.164 -3.535 -3.176
9.189 -3.491 -3.030
9.214 -3.335 -2.860
9.239 -3.224 -2.666
9.264 -3.069 -2.496
9.289 -2.980 -2.131
9.314 -2.714 -1.888
9.339 -2.558 -1.524
9.364 -2.270 -1.159
9.389 -2.070 -0.746
9.414 -1.826 -0.357
9.439 -1.582 0.104
9.464 -1.315 0.542
9.489 -1.049 1.028
9.514 -0.760 1.441
9.539 -0.516 1.975
9.564 -0.250 2.364
9.589 0.039 2.899
9.614 0.239 3.312
9.639 0.505 3.774
9.664 0.727 4.114
9.689 0.905 4.527
9.714 1.127 4.843
9.739 1.282 5.159
9.764 1.438 5.426
9.789 1.571 5.742
9.814 1.682 5.912
9.839 1.726 6.058
9.864 1.837 6.204
9.889 1.904 6.276
9.914 1.837 6.301
9.939 1.837 6.325
9.964 1.771 6.204
9.989 1.660 6.106
10.014 1.571 5.985
10.039 1.415 5.790
10.064 1.349 5.547
10.089 1.149 5.304
10.114 0.949 4.989
10.139 0.661 4.697
10.164 0.527 4.235
10.189 0.305 3.895
10.214 0.106 3.458
10.239 -0.161 3.069
10.264 -0.383 2.583
10.289 -0.716 2.145
10.314 -0.938 1.684
10.339 -1.249 1.246
10.364 -1.448 0.736
10.389 -1.759 0.250
10.414 -1.959 -0.163
10.439 -2.203 -0.625
10.464 -2.470 -1.013
10.489 -2.692 -1.329
10.514 -2.847 -1.767
10.539 -3.002 -2.107
10.564 -3.136 -2.399
10.589 -3.335 -2.642
10.614 -3.358 -2.860
10.639 -3.446 -3.030
10.664 -3.535 -3.128
10.689 -3.535 -3.225
10.714 -3.557 -3.322
10.739 -3.602 -3.273
10.764 -3.535 -3.249
10.789 -3.469 -3.103
10.814 -3.335 -2.982
10.839 -3.202 -2.763
10.864 -3.091 -2.617
10.889 -2.958 -2.374
10.914 -2.803 -2.058
10.939 -2.647 -1.670
10.964 -2.403 -1.281
10.989 -2.181 -0.892
11.014 -1.892 -0.552
11.039 -1.715 -0.066
11.064 -1.426 0.372
11.089 -1.160 0.809
11.114 -0.893 1.295
11.139 -0.694 1.781
11.164 -0.427 2.243
11.189 -0.161 2.680
11.214 0.106 3.166
11.239 0.350 3.555
11.264 0.572 3.992
11.289 0.772 4.381
11.314 0.994 4.770
11.339 1.127 5.110
11.364 1.304 5.402
11.389 1.438 5.669
11.414 1.571 5.888
11.439 1.660 6.034
11.464 1.771 6.179
11.489 1.771 6.276
11.514 1.815 6.325
11.539 1.748 6.325
11.564 1.748 6.276
11.589 1.660 6.204
11.614 1.615 6.058
11.639 1.504 5.888
11.664 1.393 5.693
11.689 1.193 5.402
11.714 1.060 5.110
11.739 0.860 4.794
11.764 0.661 4.430
11.789 0.394 4.065
11.814 0.217 3.676
11.839 -0.072 3.239
11.864 -0.338 2.753
11.889 -0.627 2.291
11.914 -0.849 1.805
11.939 -1.093 1.368
11.964 -1.382 0.858
11.989 -1.604 0.372
12.014 -1.804 -0.090
12.039 -2.048 -0.479
12.064 -2.292 -0.843
12.089 -2.558 -1.281
12.114 -2.692 -1.694
12.139 -2.891 -2.034
12.164 -3.002 -2.350
12.189 -3.158 -2.569
12.214 -3.269 -2.812
12.239 -3.358 -3.006
12.264 -3.424 -3.152
12.289 -3.513 -3.249
12.314 -3.491 -3.249
12.339 -3.557 -3.322
12.364 -3.491 -3.298
12.389 -3.446 -3.152
12.414 -3.358 -3.103
12.439 -3.313 -2.909
12.464 -3.136 -2.714
12.489 -3.002 -2.423
12.514 -2.847 -2.131
12.539 -2.736 -1.767
12.564 -2.514 -1.427
12.589 -2.292 -1.062
12.614 -2.092 -0.625
12.639 -1.848 -0.212
12.664 -1.559 0.201
12.689 -1.360 0.687
12.714 -1.115 1.149
12.739 -0.871 1.659
12.764 -0.583 2.097
12.789 -0.361 2.631
12.814 -0.072 3.020
12.839 0.150 3.433
12.864 0.394 3.846
12.889 0.572 4.260
12.914 0.816 4.600
12.939 0.971 4.940
12.964 1.216 5.207
12.989 1.327 5.547
13.014 1.482 5.766
13.039 1.526 5.961
13.064 1.682 6.106
13.089 1.704 6.276
13.114 1.771 6.276
13.139 1.726 6.349
13.164 1.771 6.301
13.189 1.682 6.179
13.214 1.660 6.082
13.239 1.593 5.936
13.264 1.438 5.766
13.289 1.238 5.523
13.314 1.171 5.207
13.339 0.971 4.916
13.364 0.727 4.575
13.389 0.505 4.211
13.414 0.328 3.798
13.439 0.083 3.361
13.464 -0.094 2.899
13.489 -0.383 2.510
13.514 -0.649 2.048
13.539 -0.893 1.514
13.564 -1.249 1.028
13.589 -1.404 0.590
13.614 -1.626 0.080
13.639 -1.937 -0.309
13.664 -2.137 -0.746
13.689 -2.381 -1.159
13.714 -2.514 -1.572
13.739 -2.758 -1.864
13.764 -2.914 -2.204
13.789 -3.069 -2.447
13.814 -3.224 -2.714
13.839 -3.313 -2.933
13.864 -3.424 -3.079
13.889 -3.446 -3.128
13.914 -3.513 -3.273
13.939 -3.513 -3.249
13.964 -3.469 -3.225
13.989 -3.491 -3.176
14.014 -3.446 -3.103
14.039 -3.358 -2.933
14.064 -3.202 -2.739
14.089 -3.113 -2.471
14.114 -2.958 -2.277
14.139 -2.803 -1.888
14.164 -2.647 -1.548
14.189 -2.447 -1.184
14.214 -2.203 -0.770
14.239 -1.981 -0.382
14.264 -1.737 0.031
14.289 -1.559 0.517
14.314 -1.271 0.979
14.339 -1.071 1.465
14.364 -0.782 1.927
14.389 -0.516 2.437
14.414 -0.205 2.850
14.439 -0.005 3.336
14.464 0.217 3.701
14.489 0.483 4.138
14.514 0.661 4.503
14.539 0.883 4.867
14.564 1.038 5.159
14.589 1.193 5.499
14.614 1.371 5.693
14.639 1.504 5.936
14.664 1.637 6.058
14.689 1.726 6.155
14.714 1.748 6.228
14.739 1.793 6.276
14.764 1.726 6.301
14.789 1.704 6.204
14.814 1.704 6.058
14.839 1.637 5.936
14.864 1.482 5.766
14.889 1.438 5.547
14.914 1.282 5.280
14.939 1.127 4.989
14.964 0.905 4.673
14.989 0.727 4.284
15.014 0.483 3.919
15.039 0.261 3.506
15.064 0.083 3.020
15.089 -0.161 2.607
15.114 -0.494 2.097
15.139 -0.738 1.659
15.164 -1.004 1.173
15.189 -1.271 0.687
15.214 -1.493 0.226
15.239 -1.759 -0.187
15.264 -1.981 -0.600
15.289 -2.203 -1.038
15.314 -2.447 -1.378
15.339 -2.625 -1.742
15.364 -2.780 -2.058
15.389 -3.002 -2.399
15.414 -3.113 -2.642
15.439 -3.224 -2.836
15.464 -3.380 -2.982
15.489 -3.402 -3.079
15.514 -3.446 -3.225
15.539 -3.513 -3.249
15.564 -3.491 -3.298
15.589 -3.513 -3.225
15.614 -3.446 -3.103
15.639 -3.380 -2.933
15.664 -3.291 -2.739
15.689 -3.224 -2.520
15.714 -3.091 -2.253
15.739 -2.914 -1.961
15.764 -2.780 -1.645
15.789 -2.558 -1.281
15.814 -2.359 -0.916
15.839 -2.159 -0.503
15.864 -1.959 -0.017
15.889 -1.693 0.372
15.914 -1.448 0.833
15.939 -1.160 1.271
15.964 -0.938 1.781
15.989 -0.694 2.218
16.014 -0.427 2.631
16.039 -0.161 3.020
16.064 0.083 3.506
16.089 0.328 3.944
16.114 0.572 4.332
16.139 0.772 4.600
16.164 0.927 4.989
16.189 1.216 5.280
16.214 1.349 5.523
16.239 1.526 5.766
16.264 1.593 5.912
16.289 1.704 6.058
16.314 1.726 6.155
16.339 1.771 6.204
16.364 1.771 6.179
16.389 1.815 6.131
16.414 1.748 6.082
16.439 1.682 5.936
16.464 1.593 5.815
16.489 1.460 5.572
16.514 1.282 5.329
16.539 1.193 5.037
16.564 0.994 4.746
16.589 0.860 4.405
16.614 0.616 3.992
16.639 0.394 3.579
16.664 0.150 3.215
16.689 -0.072 2.753
16.714 -0.316 2.340
16.739 -0.583 1.830
16.764 -0.849 1.368
16.789 -1.093 0.882
16.814 -1.337 0.590
16.839 -1.582 0.031
16.864 -1.848 -0.406
16.889 -2.092 -0.795
16.914 -2.314 -1.135
16.939 -2.492 -1.499
16.964 -2.692 -1.864
16.989 -2.936 -2.156
17.014 -3.069 -2.374
17.039 -3.158 -2.617
17.064 -3.313 -2.812
17.089 -3.424 -3.030
17.114 -3.513 -3.103
17.139 -3.491 -3.176
17.164 -3.557 -3.103
17.189 -3.602 -3.128
17.214 -3.557 -3.006
17.239 -3.491 -2.909
17.264 -3.424 -2.739
17.289 -3.313 -2.593
17.314 -3.247 -2.253
17.339 -3.069 -2.034
17.364 -2.891 -1.694
17.389 -2.647 -1.354
17.414 -2.492 -1.038
17.439 -2.248 -0.625
17.464 -2.070 -0.212
17.489 -1.781 0.201
17.514 -1.604 0.687
17.539 -1.337 1.052
17.564 -1.093 1.562
17.589 -0.805 1.975
17.614 -0.560 2.486
17.639 -0.250 2.874
17.664 -0.005 3.288
17.689 0.261 3.652
17.714 0.439 4.090
17.739 0.727 4.478
17.764 0.838 4.770
17.789 1.149 5.061
17.814 1.282 5.377
17.839 1.460 5.572
17.864 1.549 5.790
17.889 1.637 5.912
17.914 1.748 6.034
17.939 1.771 6.106
17.964 1.815 6.131
17.989 1.859 6.131
18.014 1.815 6.058
18.039 1.793 5.961
18.064 1.704 5.790
18.089 1.571 5.596
18.114 1.438 5.353
18.139 1.282 5.110
18.164 1.127 4.843
18.189 0.971 4.454
18.214 0.727 4.162
18.239 0.527 3.749
18.264 0.283 3.361
18.289 0.061 2.923
18.314 -0.205 2.534
18.339 -0.449 2.097
18.364 -0.716 1.611
18.389 -1.004 1.149
18.414 -1.226 0.760
18.439 -1.515 0.274
18.464 -1.781 -0.139
18.489 -2.026 -0.527
18.514 -2.270 -0.941
18.539 -2.470 -1.281
18.564 -2.692 -1.597
18.589 -2.825 -1.985
18.614 -3.025 -2.204
18.639 -3.136 -2.399
18.664 -3.313 -2.642
18.689 -3.402 -2.812
18.714 -3.535 -2.933
18.739 -3.557 -3.006
18.764 -3.602 -2.982
18.789 -3.557 -3.055
18.814 -3.557 -3.030
18.839 -3.513 -2.909
18.864 -3.491 -2.812
18.889 -3.380 -2.593
18.914 -3.335 -2.350
18.939 -3.091 -2.156
18.964 -2.914 -1.767
18.989 -2.758 -1.524
19.014 -2.581 -1.135
19.039 -2.381 -0.795
19.064 -2.225 -0.382
19.089 -1.981 0.007
19.114 -1.737 0.517
19.139 -1.404 0.858
19.164 -1.204 1.344
19.189 -0.916 1.757
19.214 -0.671 2.218
19.239 -0.383 2.607
19.264 -0.205 3.069
19.289 0.128 3.458
19.314 0.394 3.919
19.339 0.594 4.162
19.364 0.838 4.551
19.389 1.060 4.818
19.414 1.216 5.134
19.439 1.371 5.329
19.464 1.526 5.547
19.489 1.660 5.718
19.514 1.748 5.888
19.539 1.837 5.936
19.564 1.815 6.009
19.589 1.859 6.009
19.614 1.837 5.985
19.639 1.815 5.912
19.664 1.748 5.766
19.689 1.704 5.596
19.714 1.526 5.402
19.739 1.415 5.183
19.764 1.216 4.940
19.789 1.060 4.600
19.814 0.772 4.260
19.839 0.661 3.944
19.864 0.416 3.555
19.889 0.172 3.117
19.914 -0.072 2.729
19.939 -0.361 2.243
19.964 -0.671 1.781
19.989 -0.893 1.368
20.014 -1.182 0.979
20.039 -1.426 0.566
20.064 -1.693 0.104
20.089 -1.981 -0.333
20.114 -2.181 -0.649
20.139 -2.425 -1.013
20.164 -2.647 -1.354
20.189 -2.780 -1.718
20.214 -3.002 -2.010
20.239 -3.136 -2.253
20.264 -3.291 -2.471
20.289 -3.380 -2.690
20.314 -3.469 -2.812
20.339 -3.557 -2.933
20.364 -3.646 -2.958
20.389 -3.602 -3.006
20.414 -3.535 -2.933
20.439 -3.557 -2.909
20.464 -3.535 -2.763
20.489 -3.424 -2.642
20.514 -3.380 -2.399
20.539 -3.158 -2.204
20.564 -3.047 -1.888
20.589 -2.825 -1.645
20.614 -2.669 -1.305
20.639 -2.492 -0.941
20.664 -2.248 -0.552
20.689 -2.070 -0.212
20.714 -1.737 0.177
20.739 -1.493 0.590
20.764 -1.271 1.076
20.789 -0.982 1.465
20.814 -0.716 1.902
20.839 -0.449 2.316
20.864 -0.183 2.753
20.889 0.061 3.190
20.914 0.350 3.555
20.939 0.594 3.968
20.964 0.794 4.332
20.989 0.994 4.600
21.014 1.171 4.916
21.039 1.371 5.183
21.064 1.571 5.377
21.089 1.660 5.596
21.114 1.748 5.742
21.139 1.815 5.815
21.164 1.837 5.961
21.189 1.859 5.961
21.214 1.859 5.961
21.239 1.837 5.936
21.264 1.748 5.790
21.289 1.660 5.693
21.314 1.615 5.547
21.339 1.482 5.280
21.364 1.282 5.061
21.389 1.149 4.770
21.414 0.883 4.430
21.439 0.683 4.138
21.464 0.483 3.822
21.489 0.283 3.385
21.514 -0.005 2.972
21.539 -0.250 2.559
21.564 -0.516 2.145
21.589 -0.782 1.732
21.614 -1.049 1.295
21.639 -1.337 0.833
21.664 -1.626 0.420
21.689 -1.870 -0.041
21.714 -2.159 -0.406
21.739 -2.359 -0.819
21.764 -2.581 -1.111
21.789 -2.714 -1.451
21.814 -2.914 -1.767
21.839 -3.113 -2.083
21.864 -3.247 -2.326
21.889 -3.380 -2.569
21.914 -3.469 -2.642
21.939 -3.535 -2.812
21.964 -3.602 -2.836
21.989 -3.624 -3.006
22.014 -3.624 -2.909
22.039 -3.602 -2.885
22.064 -3.580 -2.763
22.089 -3.469 -2.690
22.114 -3.335 -2.520
22.139 -3.224 -2.326
22.164 -3.091 -2.107
22.189 -2.914 -1.815
22.214 -2.758 -1.548
22.239 -2.625 -1.184
22.264 -2.336 -0.795
22.289 -2.114 -0.479
22.314 -1.870 -0.066
22.339 -1.582 0.323
22.364 -1.360 0.760
22.389 -1.049 1.149
22.414 -0.805 1.635
22.439 -0.538 2.097
22.464 -0.294 2.486
22.489 -0.005 2.972
22.514 0.172 3.336
22.539 0.416 3.652
22.564 0.683 4.041
22.589 0.949 4.381
22.614 1.149 4.697
22.639 1.327 4.964
22.664 1.415 5.232
22.689 1.571 5.402
22.714 1.682 5.645
22.739 1.748 5.742
22.764 1.837 5.912
22.789 1.859 5.912
22.814 1.859 5.985
22.839 1.837 5.936
22.864 1.793 5.863
22.889 1.726 5.742
22.914 1.593 5.596
22.939 1.482 5.377
22.964 1.304 5.207
22.989 1.193 4.964
23.014 1.016 4.697
23.039 0.794 4.308
23.064 0.572 3.968
23.089 0.350 3.652
23.114 0.039 3.312
23.139 -0.183 2.850
23.164 -0.516 2.437
23.189 -0.738 2.000
23.214 -0.960 1.587
23.239 -1.249 1.101
23.264 -1.515 0.687
23.289 -1.781 0.274
23.314 -2.048 -0.114
23.339 -2.270 -0.576
23.364 -2.536 -0.868
23.389 -2.692 -1.281
23.414 -2.891 -1.548
23.439 -3.047 -1.864
23.464 -3.180 -2.083
23.489 -3.291 -2.350
23.514 -3.446 -2.496
23.539 -3.446 -2.714
23.564 -3.580 -2.836
23.589 -3.557 -2.885
23.614 -3.580 -2.909
23.639 -3.535 -2.909
23.664 -3.535 -2.909
23.689 -3.469 -2.812
23.714 -3.380 -2.690
23.739 -3.224 -2.520
23.764 -3.158 -2.204
23.789 -2.958 -2.010
23.814 -2.780 -1.718
23.839 -2.603 -1.427
23.864 -2.447 -1.062
23.889 -2.114 -0.698
23.914 -1.959 -0.309
23.939 -1.693 0.007
23.964 -1.426 0.469
23.989 -1.160 0.906
24.014 -0.960 1.344
24.039 -0.649 1.805
24.064 -0.405 2.218
24.089 -0.139 2.704
24.114 0.150 3.045
24.139 0.394 3.458
24.164 0.594 3.871
24.189 0.772 4.187
24.214 0.971 4.503
24.239 1.171 4.843
24.264 1.349 5.110
24.289 1.504 5.353
24.314 1.615 5.596
24.339 1.748 5.693
24.364 1.815 5.815
24.389 1.815 5.912
24.414 1.815 5.985
24.439 1.793 6.009
24.464 1.704 5.961
24.489 1.682 5.863
24.514 1.526 5.742
24.539 1.460 5.547
24.564 1.349 5.377
24.589 1.171 5.159
24.614 1.016 4.843
24.639 0.772 4.600
24.664 0.572 4.284
24.689 0.394 3.871
24.714 0.150 3.482
24.739 -0.139 3.069
24.764 -0.361 2.656
24.789 -0.627 2.194
24.814 -0.916 1.830
24.839 -1.138 1.344
24.864 -1.382 0.930
24.889 -1.670 0.493
24.914 -1.892 0.056
24.939 -2.114 -0.309
24.964 -2.314 -0.673
24.989 -2.558 -1.086
25.014 -2.736 -1.427
25.039 -2.936 -1.742
25.064 -3.091 -2.083
25.089 -3.180 -2.326
25.114 -3.335 -2.544
25.139 -3.424 -2.714
25.164 -3.491 -2.836
25.189 -3.513 -2.958
25.214 -3.513 -2.982
25.239 -3.513 -3.006
25.264 -3.469 -3.006
25.289 -3.380 -2.909
25.314 -3.291 -2.812
25.339 -3.224 -2.617
25.368 -3.091 -2.447
25.393 -2.958 -2.204
25.418 -2.758 -1.888
25.443 -2.581 -1.572
25.468 -2.403 -1.232
25.493 -2.137 -0.892
25.518 -1.959 -0.503
25.544 -1.693 -0.114
25.569 -1.471 0.299
25.594 -1.138 0.760
25.619 -0.916 1.198
25.644 -0.627 1.635
25.669 -0.383 2.145
25.694 -0.161 2.534
25.719 0.061 2.947
25.744 0.283 3.385
25.769 0.505 3.725
25.794 0.727 4.090
25.819 0.949 4.430
25.844 1.171 4.770
25.869 1.282 5.086
25.894 1.415 5.329
25.919 1.549 5.523
25.944 1.615 5.693
25.969 1.682 5.888
25.994 1.793 5.985
26.019 1.771 6.058
26.044 1.748 6.058
26.069 1.704 5.985
26.094 1.682 5.985
26.119 1.549 5.863
26.144 1.482 5.693
26.169 1.327 5.475
26.194 1.193 5.232
26.219 1.038 4.964
26.244 0.816 4.673
26.269 0.594 4.357
26.294 0.372 4.017
26.319 0.150 3.628
26.344 -0.094 3.190
26.369 -0.316 2.850
26.394 -0.583 2.413
26.419 -0.827 1.975
26.444 -1.115 1.489
26.469 -1.337 1.052
26.494 -1.559 0.615
26.519 -1.826 0.201
26.544 -2.048 -0.212
26.569 -2.270 -0.625
26.594 -2.492 -0.989
26.619 -2.692 -1.427
26.644 -2.780 -1.718
26.669 -2.958 -1.985
26.694 -3.091 -2.253
26.719 -3.247 -2.544
26.744 -3.358 -2.714
26.769 -3.380 -2.836
26.794 -3.424 -2.958
26.819 -3.446 -3.006
26.844 -3.446 -3.030
26.869 -3.446 -3.030
26.894 -3.424 -2.982
26.919 -3.313 -2.885
26.944 -3.269 -2.763
26.969 -3.091 -2.544
26.994 -2.980 -2.326
27.019 -2.869 -2.058
27.044 -2.669 -1.742
27.069 -2.492 -1.402
27.094 -2.225 -1.086
27.119 -2.048 -0.698
27.144 -1.804 -0.309
27.169 -1.604 0.129
27.194 -1.315 0.517
27.219 -1.049 1.028
27.244 -0.782 1.465
27.269 -0.538 1.927
27.294 -0.294 2.340
27.319 -0.094 2.777
27.344 0.172 3.190
27.369 0.394 3.579
27.394 0.616 4.017
27.419 0.816 4.332
27.444 1.016 4.697
27.469 1.171 4.989
27.494 1.371 5.256
27.519 1.415 5.499
27.544 1.549 5.718
27.569 1.571 5.888
27.594 1.615 6.009
27.619 1.682 6.058
27.644 1.748 6.106
27.669 1.682 6.131
27.694 1.637 6.058
27.719 1.549 5.961
27.744 1.504 5.766
27.769 1.393 5.645
27.794 1.216 5.377
27.819 1.105 5.183
27.844 0.905 4.843
27.869 0.683 4.575
27.894 0.483 4.235
27.919 0.283 3.822
27.944 0.061 3.361
27.969 -0.183 3.020
27.994 -0.449 2.510
28.019 -0.694 2.170
28.044 -0.916 1.708
28.069 -1.182 1.246
28.094 -1.471 0.760
28.119 -1.693 0.347
28.144 -1.892 -0.114
28.169 -2.137 -0.479
28.194 -2.314 -0.916
28.219 -2.514 -1.281
28.244 -2.647 -1.621
28.269 -2.847 -1.913
28.294 -3.025 -2.180
28.319 -3.180 -2.496
28.344 -3.269 -2.666
28.369 -3.313 -2.836
28.394 -3.402 -3.006
28.419 -3.469 -3.103
28.444 -3.380 -3.103
28.469 -3.402 -3.055
28.494 -3.335 -3.128
28.519 -3.313 -2.958
28.544 -3.224 -2.787
28.569 -3.158 -2.642
28.594 -3.047 -2.423
28.619 -2.958 -2.204
28.644 -2.780 -1.888
28.669 -2.536 -1.597
28.694 -2.359 -1.256
28.719 -2.159 -0.892
28.744 -1.848 -0.479
28.769 -1.670 -0.066
28.794 -1.448 0.372
28.819 -1.249 0.882
28.844 -0.982 1.295
28.869 -0.760 1.781
28.894 -0.472 2.145
28.919 -0.227 2.680
28.944 0.017 3.069
28.969 0.261 3.506
28.994 0.416 3.895
29.019 0.594 4.284
29.044 0.794 4.600
29.069 0.994 4.916
29.094 1.171 5.207
29.119 1.238 5.499
29.144 1.415 5.645
29.169 1.504 5.839
29.194 1.593 5.936
29.219 1.637 6.058
29.244 1.660 6.106
29.269 1.637 6.131
29.294 1.571 6.034
29.319 1.571 6.009
29.344 1.504 5.863
29.369 1.393 5.742
29.394 1.304 5.523
29.419 1.149 5.280
29.444 0.949 4.989
29.469 0.772 4.673
29.494 0.594 4.357
29.519 0.416 4.017
29.544 0.172 3.579
29.569 -0.094 3.215
29.594 -0.338 2.704
29.619 -0.583 2.267
29.644 -0.782 1.854
29.669 -0.982 1.416
29.694 -1.271 0.955
29.719 -1.515 0.493
29.744 -1.693 0.007
29.769 -1.915 -0.357
29.794 -2.159 -0.770
29.819 -2.381 -1.159
29.844 -2.514 -1.524
29.869 -2.736 -1.840
29.894 -2.869 -2.156
29.919 -3.025 -2.399
29.944 -3.113 -2.666
29.969 -3.269 -2.763
29.994 -3.358 -2.933
30.019 -3.358 -3.030
30.044 -3.424 -3.128
30.069 -3.358 -3.079
30.094 -3.335 -3.055
30.119 -3.313 -2.958
30.144 -3.224 -2.860
30.169 -3.202 -2.739
30.194 -3.069 -2.520
30.219 -2.958 -2.277
30.244 -2.803 -1.937
30.269 -2.625 -1.621
30.294 -2.470 -1.378
30.319 -2.270 -0.965
30.344 -2.070 -0.625
30.369 -1.804 -0.187
30.394 -1.582 0.250
30.419 -1.382 0.687
30.444 -1.160 1.125
30.469 -0.871 1.611
30.494 -0.605 2.024
30.519 -0.383 2.510
30.544 -0.183 2.947
30.569 0.061 3.409
30.594 0.283 3.749
30.619 0.483 4.114
30.644 0.661 4.478
30.669 0.860 4.818
30.694 1.060 5.061
30.719 1.193 5.377
30.744 1.282 5.596
30.769 1.393 5.815
30.794 1.526 5.912
30.819 1.593 6.106
30.844 1.660 6.106
30.869 1.660 6.155
30.894 1.637 6.082
30.919 1.637 6.009
30.944 1.549 5.888
30.969 1.460 5.718
30.994 1.349 5.547
31.019 1.216 5.353
31.044 1.060 5.061
31.069 0.860 4.746
31.094 0.705 4.478
31.119 0.483 4.065
31.144 0.305 3.652
31.169 0.106 3.288
31.194 -0.116 2.874
31.219 -0.427 2.461
31.244 -0.605 1.975
31.269 -0.849 1.441
31.294 -1.071 1.028
31.319 -1.271 0.615
31.344 -1.537 0.129
31.369 -1.826 -0.260
31.394 -2.048 -0.673
31.419 -2.270 -1.038
31.444 -2.470 -1.427
31.469 -2.603 -1.718
31.494 -2.780 -1.985
31.519 -2.958 -2.301
31.544 -3.113 -2.544
31.569 -3.247 -2.714
31.594 -3.247 -2.885
31.619 -3.335 -2.982
31.644 -3.380 -3.055
31.669 -3.424 -3.030
31.694 -3.402 -3.055
31.719 -3.380 -3.006
31.744 -3.247 -2.933
31.769 -3.247 -2.739
31.794 -3.180 -2.593
31.819 -3.091 -2.350
31.844 -2.914 -2.058
31.869 -2.780 -1.694
31.894 -2.581 -1.427
31.919 -2.425 -1.013
31.944 -2.203 -0.673
31.969 -1.937 -0.212
31.994 -1.737 0.153
32.019 -1.537 0.566
32.044 -1.315 1.003
32.069 -1.071 1.441
32.094 -0.827 1.927
32.119 -0.583 2.389
32.144 -0.338 2.753
32.169 -0.116 3.215
32.194 0.194 3.628
32.219 0.305 4.017
32.244 0.594 4.357
32.269 0.816 4.721
32.294 0.971 4.989
32.319 1.149 5.256
32.344 1.282 5.499
32.369 1.393 5.669
32.394 1.504 5.790
32.419 1.549 5.936
32.444 1.615 5.961
32.469 1.637 6.058
32.494 1.682 6.058
32.519 1.682 5.985
32.544 1.615 5.912
32.569 1.549 5.742
32.594 1.482 5.596
32.619 1.327 5.377
32.644 1.216 5.086
32.669 1.038 4.843
32.694 0.838 4.503
32.719 0.661 4.162
32.744 0.505 3.774
32.769 0.217 3.385
32.794 0.017 2.972
32.819 -0.205 2.559
32.844 -0.472 2.073
32.869 -0.738 1.659
32.894 -0.916 1.246
32.919 -1.226 0.833
32.944 -1.426 0.323
32.969 -1.693 -0.114
32.994 -1.892 -0.479
33.019 -2.114 -0.868
33.044 -2.292 -1.232
33.069 -2.536 -1.499
33.094 -2.692 -1.888
33.119 -2.869 -2.131
33.144 -2.958 -2.374
33.169 -3.113 -2.593
33.194 -3.202 -2.787
33.219 -3.313 -2.860
33.244 -3.358 -2.958
33.269 -3.380 -2.909
33.294 -3.424 -2.982
33.319 -3.424 -2.958
33.344 -3.380 -2.860
33.369 -3.380 -2.690
33.394 -3.247 -2.544
33.419 -3.136 -2.374
33.444 -3.047 -2.083
33.469 -2.891 -1.815
33.494 -2.758 -1.499
33.519 -2.514 -1.135
33.544 -2.336 -0.843
33.569 -2.114 -0.406
33.594 -1.915 0.031
33.619 -1.715 0.420
33.644 -1.448 0.809
33.669 -1.160 1.246
33.694 -0.960 1.708
33.719 -0.716 2.170
33.744 -0.449 2.559
33.769 -0.183 3.045
33.794 0.083 3.385
33.819 0.217 3.749
33.844 0.461 4.114
33.869 0.683 4.454
33.894 0.905 4.794
33.919 1.038 5.013
33.944 1.193 5.329
33.969 1.327 5.523
33.994 1.460 5.693
34.019 1.549 5.863
34.044 1.637 5.912
34.069 1.704 5.961
34.094 1.726 5.936
34.119 1.704 5.863
34.144 1.660 5.839
34.169 1.615 5.742
34.194 1.504 5.547
34.219 1.393 5.377
34.244 1.304 5.134
34.269 1.149 4.891
34.294 1.016 4.575
34.319 0.772 4.235
34.344 0.638 3.919
34.369 0.416 3.555
34.394 0.194 3.142
34.419 -0.072 2.680
34.444 -0.294 2.291
34.469 -0.560 1.854
34.494 -0.782 1.441
34.519 -1.027 1.003
34.544 -1.293 0.590
34.569 -1.582 0.153
34.594 -1.781 -0.309
34.619 -2.026 -0.649
34.644 -2.225 -1.013
34.669 -2.447 -1.402
34.694 -2.647 -1.670
34.719 -2.803 -1.961
34.744 -3.002 -2.204
34.769 -3.091 -2.423
34.794 -3.247 -2.617
34.819 -3.313 -2.739
34.844 -3.358 -2.812
34.869 -3.402 -2.909
34.894 -3.424 -2.885
34.919 -3.446 -2.860
34.944 -3.469 -2.787
34.970 -3.380 -2.714
34.995 -3.335 -2.544
35.020 -3.224 -2.399
35.045 -3.091 -2.180
35.070 -2.936 -1.888
35.095 -2.825 -1.597
35.120 -2.603 -1.208
35.145 -2.470 -0.916
35.170 -2.248 -0.552
35.195 -2.003 -0.139
35.220 -1.826 0.226
35.245 -1.559 0.687
35.270 -1.337 1.149
35.295 -1.027 1.587
35.320 -0.782 1.951
35.345 -0.516 2.340
35.370 -0.316 2.777
35.395 -0.050 3.190
35.420 0.172 3.579
35.445 0.439 3.944
35.470 0.638 4.284
35.495 0.816 4.551
35.520 1.016 4.843
35.545 1.193 5.134
35.570 1.304 5.353
35.595 1.460 5.572
35.620 1.571 5.693
35.645 1.637 5.742
35.670 1.748 5.815
35.695 1.704 5.839
35.720 1.726 5.839
35.745 1.748 5.766
35.770 1.682 5.669
35.795 1.571 5.572
35.820 1.482 5.353
35.845 1.349 5.159
35.870 1.260 4.940
35.895 1.082 4.648
35.920 0.883 4.357
35.945 0.661 4.041
35.970 0.505 3.652
35.995 0.239 3.263
36.020 0.017 2.899
36.045 -0.161 2.461
36.070 -0.405 2.048
36.095 -0.716 1.659
36.120 -0.982 1.198
36.146 -1.226 0.785
36.171 -1.471 0.323
36.196 -1.737 -0.017
36.221 -2.003 -0.382
36.246 -2.203 -0.795
36.271 -2.447 -1.159
36.296 -2.625 -1.499
36.321 -2.780 -1.742
36.346 -2.958 -2.058
36.371 -3.113 -2.228
36.396 -3.180 -2.423
36.421 -3.291 -2.593
36.446 -3.380 -2.690
36.471 -3.446 -2.787
36.496 -3.491 -2.812
36.521 -3.557 -2.860
36.546 -3.469 -2.739
36.571 -3.424 -2.666
36.596 -3.358 -2.520
36.621 -3.269 -2.350
36.646 -3.180 -2.156
36.671 -3.069 -1.937
36.696 -2.936 -1.645
36.721 -2.736 -1.329
36.746 -2.558 -1.013
36.771 -2.359 -0.698
36.796 -2.114 -0.333
36.821 -1.870 0.080
36.846 -1.670 0.517
36.871 -1.382 0.858
36.896 -1.160 1.295
36.921 -0.849 1.708
36.946 -0.605 2.097
36.971 -0.338 2.534
36.996 -0.116 2.947
37.021 0.083 3.336
37.046 0.372 3.749
37.071 0.594 4.041
37.096 0.772 4.381
37.121 0.994 4.624
37.146 1.171 4.989
37.171 1.371 5.183
37.196 1.504 5.329
37.221 1.593 5.499
37.246 1.615 5.620
37.271 1.704 5.742
37.296 1.726 5.766
37.321 1.815 5.766
37.346 1.748 5.718
37.371 1.704 5.645
37.396 1.660 5.547
37.421 1.526 5.377
37.446 1.460 5.207
37.471 1.327 4.964
37.496 1.105 4.721
37.521 0.927 4.454
37.546 0.749 4.187
37.571 0.572 3.846
37.596 0.328 3.482
37.621 0.083 3.093
37.646 -0.161 2.704
37.671 -0.405 2.267
37.696 -0.671 1.878
37.721 -0.916 1.489
37.746 -1.182 1.052
37.771 -1.404 0.615
37.796 -1.693 0.201
37.821 -1.915 -0.187
37.846 -2.181 -0.479
37.871 -2.381 -0.916
37.896 -2.581 -1.208
37.921 -2.736 -1.524
37.946 -2.936 -1.767
37.971 -3.069 -2.058
37.996 -3.180 -2.277
38.021 -3.269 -2.447
38.046 -3.402 -2.569
38.071 -3.469 -2.666
38.096 -3.491 -2.787
38.121 -3.535 -2.763
38.146 -3.491 -2.714
38.171 -3.469 -2.690
38.196 -3.424 -2.569
38.221 -3.335 -2.447
38.246 -3.180 -2.253
38.271 -3.113 -1.985
38.296 -2.958 -1.742
38.321 -2.736 -1.499
38.346 -2.581 -1.159
38.371 -2.314 -0.843
38.396 -2.225 -0.527
38.421 -1.959 -0.187
38.446 -1.804 0.201
38.471 -1.493 0.542
38.496 -1.226 1.003
38.521 -0.960 1.441
38.546 -0.738 1.854
38.571 -0.516 2.267
38.596 -0.250 2.704
38.621 0.017 3.093
38.646 0.261 3.458
38.671 0.527 3.798
38.696 0.749 4.138
38.721 0.927 4.405
38.746 1.105 4.721
38.771 1.260 5.013
38.796 1.393 5.256
38.821 1.504 5.377
38.846 1.660 5.547
38.871 1.704 5.669
38.896 1.771 5.742
38.921 1.726 5.718
38.946 1.726 5.742
38.971 1.726 5.693
38.996 1.660 5.620
39.021 1.549 5.475
39.046 1.460 5.329
39.071 1.349 5.183
39.096 1.193 4.891
39.121 1.038 4.624
39.146 0.860 4.308
39.171 0.661 4.017
39.196 0.416 3.676
39.221 0.172 3.288
39.246 -0.094 2.947
39.271 -0.316 2.534
39.296 -0.583 2.145
39.321 -0.805 1.757
39.346 -1.093 1.319
39.371 -1.337 0.979
39.396 -1.582 0.566
39.421 -1.848 0.129
39.446 -2.070 -0.236
39.471 -2.270 -0.625
39.496 -2.514 -0.965
39.521 -2.647 -1.232
39.546 -2.891 -1.524
39.571 -3.025 -1.888
39.596 -3.180 -2.083
39.621 -3.291 -2.301
39.646 -3.402 -2.447
39.671 -3.402 -2.617
39.696 -3.469 -2.666
39.721 -3.469 -2.690
39.746 -3.469 -2.739
39.771 -3.491 -2.714
39.796 -3.424 -2.642
39.821 -3.313 -2.520
39.846 -3.202 -2.350
39.871 -3.113 -2.180
39.896 -3.025 -1.913
39.921 -2.803 -1.718
39.946 -2.647 -1.451
39.971 -2.403 -1.135
39.996 -2.292 -0.795
40.021 -1.981 -0.406
40.046 -1.759 -0.041
40.071 -1.515 0.347
40.096 -1.293 0.760
40.121 -1.027 1.125
40.146 -0.782 1.587
40.171 -0.494 1.975
40.196 -0.316 2.389
40.221 -0.005 2.753
40.246 0.239 3.190
40.271 0.416 3.555
40.296 0.594 3.919
40.321 0.860 4.211
40.346 1.016 4.551
40.371 1.193 4.794
40.396 1.327 5.086
40.421 1.460 5.232
40.446 1.549 5.426
40.471 1.660 5.547
40.496 1.726 5.669
40.521 1.793 5.693
40.546 1.704 5.790
40.571 1.615 5.766
40.596 1.593 5.693
40.621 1.593 5.523
40.646 1.438 5.475
40.671 1.371 5.232
40.696 1.238 5.037
40.721 1.060 4.818
40.746 0.838 4.551
40.771 0.638 4.284
40.796 0.439 3.919
40.821 0.217 3.555
40.846 -0.072 3.190
40.871 -0.272 2.826
40.896 -0.516 2.413
40.921 -0.671 2.000
40.946 -0.982 1.611
40.971 -1.226 1.198
40.996 -1.493 0.785
41.021 -1.759 0.347
41.046 -2.003 -0.017
41.071 -2.203 -0.430
41.096 -2.425 -0.746
41.121 -2.536 -1.111
41.146 -2.758 -1.378
41.171 -2.914 -1.718
41.196 -3.136 -1.937
41.229 -3.202 -2.180
41.254 -3.291 -2.447
41.279 -3.358 -2.593
41.304 -3.469 -2.690
41.329 -3.491 -2.787
41.354 -3.469 -2.812
41.381 -3.424 -2.739
41.406 -3.380 -2.666
41.431 -3.291 -2.593
41.456 -3.224 -2.423
41.481 -3.047 -2.301
41.506 -2.958 -2.010
41.531 -2.780 -1.815
41.556 -2.603 -1.475
41.581 -2.403 -1.184
41.606 -2.225 -0.868
41.631 -1.981 -0.552
41.656 -1.781 -0.066
41.681 -1.515 0.274
41.706 -1.226 0.663
41.731 -1.004 1.052
41.756 -0.760 1.538
41.781 -0.538 1.902
41.806 -0.316 2.340
41.831 -0.005 2.729
41.856 0.172 3.190
41.881 0.461 3.531
41.906 0.616 3.871
41.931 0.838 4.235
41.956 1.016 4.551
41.981 1.193 4.794
42.007 1.282 5.061
42.032 1.460 5.256
42.057 1.526 5.475
42.082 1.615 5.596
42.107 1.593 5.718
42.132 1.682 5.766
42.157 1.660 5.790
42.182 1.637 5.790
42.207 1.571 5.742
42.232 1.504 5.596
42.257 1.460 5.523
42.282 1.304 5.329
42.307 1.105 5.110
42.332 1.038 4.891
42.357 0.816 4.673
42.382 0.661 4.332
42.407 0.416 4.065
42.432 0.150 3.701
42.457 -0.050 3.312
42.482 -0.294 2.850
42.507 -0.538 2.486
42.532 -0.782 2.073
42.557 -1.071 1.684
42.582 -1.249 1.198
42.607 -1.493 0.760
42.632 -1.693 0.372
42.657 -1.937 -0.017
42.682 -2.114 -0.406
42.707 -2.381 -0.795
42.732 -2.558 -1.184
42.757 -2.736 -1.475
42.782 -2.869 -1.767
42.807 -3.025 -2.034
42.832 -3.136 -2.228
42.857 -3.180 -2.399
42.882 -3.335 -2.544
42.907 -3.380 -2.642
42.932 -3.380 -2.739
42.957 -3.380 -2.836
42.982 -3.358 -2.787
43.007 -3.358 -2.739
43.032 -3.269 -2.714
43.057 -3.202 -2.544
43.082 -3.069 -2.374
43.107 -2.936 -2.180
43.132 -2.736 -1.961
43.157 -2.625 -1.694
43.182 -2.425 -1.402
43.207 -2.203 -1.086
43.232 -2.048 -0.649
43.257 -1.848 -0.284
43.282 -1.582 0.080
43.307 -1.382 0.445
43.332 -1.138 0.906
43.357 -0.893 1.295
43.382 -0.649 1.708
43.407 -0.472 2.170
43.432 -0.205 2.559
43.457 0.106 2.996
43.482 0.283 3.336
43.507 0.461 3.725
43.532 0.705 4.090
43.557 0.860 4.430
43.582 1.038 4.746
43.607 1.216 5.037
43.632 1.349 5.232
43.657 1.438 5.475
43.682 1.526 5.596
43.707 1.593 5.669
43.732 1.571 5.790
43.757 1.637 5.839
43.782 1.637 5.839
43.807 1.549 5.839
43.832 1.460 5.766
43.857 1.415 5.669
43.882 1.304 5.475
43.907 1.149 5.304
43.932 1.016 5.086
43.957 0.838 4.770
43.982 0.683 4.430
44.007 0.505 4.138
44.032 0.283 3.798
44.057 0.083 3.458
44.082 -0.139 3.093
44.107 -0.338 2.680
44.132 -0.649 2.291
44.157 -0.893 1.854
44.182 -1.093 1.368
44.207 -1.382 0.930
44.232 -1.626 0.542
44.257 -1.870 0.080
44.282 -2.003 -0.284
44.307 -2.203 -0.673
44.332 -2.447 -1.062
44.357 -2.625 -1.329
44.382 -2.758 -1.670
44.407 -2.936 -1.913
44.432 -3.047 -2.228
44.457 -3.158 -2.447
44.482 -3.224 -2.617
44.507 -3.269 -2.690
44.532 -3.358 -2.739
44.557 -3.358 -2.885
44.582 -3.335 -2.885
44.607 -3.313 -2.860
44.632 -3.291 -2.739
44.657 -3.158 -2.666
44.682 -3.047 -2.520
44.707 -2.936 -2.326
44.732 -2.825 -2.107
44.757 -2.692 -1.840
44.782 -2.536 -1.572
44.807 -2.359 -1.232
44.832 -2.137 -0.868
44.857 -1.937 -0.479
44.882 -1.737 -0.066
44.907 -1.493 0.299
44.932 -1.315 0.736
44.957 -1.049 1.125
44.982 -0.782 1.587
45.007 -0.583 1.975
45.032 -0.338 2.437
45.057 -0.094 2.729
45.082 0.106 3.190
45.107 0.328 3.579
45.132 0.483 4.017
45.157 0.705 4.308
45.182 0.860 4.673
45.207 1.038 4.940
45.232 1.216 5.207
45.257 1.327 5.402
45.282 1.371 5.596
45.307 1.460 5.718
45.332 1.549 5.790
45.357 1.571 5.839
45.382 1.549 5.888
45.407 1.526 5.863
45.432 1.504 5.815
45.457 1.460 5.645
45.482 1.371 5.596
45.507 1.260 5.377
45.532 1.038 5.134
45.557 0.949 4.867
45.582 0.794 4.624
45.607 0.594 4.308
45.632 0.350 3.992
45.657 0.150 3.603
45.682 -0.028 3.263
45.707 -0.272 2.802
45.732 -0.494 2.437
45.757 -0.716 1.975
45.782 -0.960 1.538
45.807 -1.160 1.076
45.832 -1.426 0.639
45.857 -1.693 0.226
45.882 -1.892 -0.114
45.907 -2.114 -0.479
45.932 -2.314 -0.868
45.957 -2.447 -1.208
45.982 -2.669 -1.572
46.007 -2.803 -1.888
46.032 -2.936 -2.131
46.057 -2.980 -2.399
46.082 -3.136 -2.617
