Antisymmetrische Eigenschwingung
29.2
0.025 -3.180 4.867
0.050 -3.713 5.742
0.082 -3.779 5.863
0.107 -3.757 5.790
0.132 -3.602 5.547
0.157 -3.491 5.304
0.182 -3.291 4.989
0.207 -3.136 4.648
0.232 -2.891 4.211
0.257 -2.669 3.774
0.285 -2.359 3.409
0.330 -1.715 2.510
0.355 -1.471 2.024
0.380 -1.160 1.416
0.405 -0.849 0.979
0.430 -0.494 0.469
0.455 -0.205 -0.017
0.480 0.150 -0.479
0.505 0.394 -0.965
0.530 0.705 -1.329
0.555 0.994 -1.718
0.580 1.238 -2.131
0.605 1.504 -2.374
0.630 1.660 -2.690
0.655 1.859 -2.885
0.680 1.970 -3.055
0.705 2.104 -3.152
0.730 2.170 -3.249
0.755 2.215 -3.298
0.780 2.215 -3.200
0.805 2.148 -3.103
0.830 2.104 -3.006
0.855 2.037 -2.763
0.880 1.882 -2.520
0.905 1.726 -2.253
0.930 1.526 -1.961
0.955 1.260 -1.621
0.980 1.060 -1.184
1.005 0.794 -0.722
1.030 0.483 -0.236
1.055 0.217 0.226
1.080 -0.139 0.760
1.105 -0.472 1.198
1.130 -0.738 1.732
1.155 -1.093 2.243
1.180 -1.382 2.704
1.205 -1.737 3.215
1.230 -2.048 3.628
1.255 -2.314 4.114
1.280 -2.581 4.527
1.305 -2.803 4.916
1.330 -3.002 5.207
1.355 -3.224 5.523
1.380 -3.424 5.742
1.405 -3.535 5.936
1.430 -3.646 6.106
1.455 -3.713 6.228
1.480 -3.757 6.276
1.505 -3.846 6.228
1.530 -3.779 6.131
1.555 -3.713 5.985
1.580 -3.668 5.839
1.605 -3.557 5.523
1.630 -3.424 5.280
1.655 -3.247 4.916
1.680 -3.047 4.600
1.705 -2.825 4.260
1.730 -2.625 3.822
1.755 -2.336 3.312
1.780 -2.026 2.850
1.805 -1.693 2.340
1.830 -1.404 1.805
1.855 -1.115 1.319
1.880 -0.782 0.809
1.905 -0.472 0.299
1.930 -0.139 -0.212
1.955 0.172 -0.649
1.980 0.461 -1.086
2.005 0.705 -1.548
2.030 0.971 -1.961
2.055 1.216 -2.301
2.080 1.438 -2.593
2.105 1.682 -2.812
2.130 1.748 -3.006
2.155 1.904 -3.200
2.180 2.037 -3.298
2.205 2.081 -3.419
2.230 2.081 -3.322
2.255 2.059 -3.298
2.280 2.037 -3.225
2.305 1.970 -3.030
2.330 1.859 -2.836
2.355 1.726 -2.617
2.380 1.571 -2.277
2.405 1.371 -1.888
2.430 1.105 -1.475
2.455 0.883 -1.038
2.480 0.638 -0.649
2.505 0.372 -0.139
2.530 0.083 0.372
2.555 -0.227 0.833
2.580 -0.494 1.344
2.605 -0.827 1.830
2.630 -1.160 2.340
2.655 -1.426 2.874
2.680 -1.715 3.409
2.705 -2.048 3.895
2.730 -2.381 4.332
2.755 -2.625 4.697
2.780 -2.825 5.013
2.805 -3.025 5.377
2.830 -3.180 5.669
2.855 -3.358 5.936
2.880 -3.469 6.106
2.905 -3.580 6.252
2.930 -3.691 6.349
2.955 -3.713 6.325
2.980 -3.757 6.301
3.005 -3.713 6.155
3.030 -3.668 6.058
3.055 -3.535 5.839
3.080 -3.469 5.645
3.105 -3.335 5.280
3.130 -3.158 4.964
3.155 -2.958 4.575
3.180 -2.692 4.211
3.205 -2.403 3.749
3.230 -2.159 3.336
3.255 -1.937 2.777
3.280 -1.648 2.316
3.305 -1.337 1.781
3.330 -1.027 1.271
3.355 -0.694 0.712
3.380 -0.427 0.226
3.405 -0.094 -0.309
3.430 0.172 -0.722
3.455 0.416 -1.232
3.480 0.749 -1.645
3.505 0.994 -2.034
3.530 1.216 -2.423
3.555 1.415 -2.714
3.580 1.593 -2.933
3.605 1.771 -3.176
3.630 1.859 -3.298
3.655 1.926 -3.419
3.680 1.993 -3.468
3.705 2.015 -3.443
3.730 2.015 -3.443
3.755 1.948 -3.298
3.780 1.882 -3.103
3.805 1.815 -2.909
3.830 1.571 -2.617
3.855 1.393 -2.350
3.880 1.171 -1.985
3.905 0.971 -1.572
3.930 0.705 -1.111
3.955 0.461 -0.673
3.980 0.239 -0.163
4.005 -0.072 0.347
4.030 -0.427 0.882
4.055 -0.627 1.392
4.080 -0.982 1.878
4.105 -1.226 2.437
4.130 -1.559 2.947
4.155 -1.826 3.433
4.180 -2.114 3.968
4.205 -2.359 4.284
4.230 -2.669 4.721
4.255 -2.847 5.110
4.280 -3.113 5.523
4.305 -3.202 5.766
4.330 -3.335 6.034
4.355 -3.491 6.204
4.380 -3.580 6.374
4.405 -3.602 6.422
4.430 -3.624 6.447
4.455 -3.646 6.374
4.480 -3.624 6.276
4.505 -3.557 6.179
4.530 -3.513 5.961
4.555 -3.335 5.693
4.580 -3.202 5.402
4.605 -3.002 5.061
4.630 -2.825 4.721
4.655 -2.603 4.284
4.680 -2.359 3.846
4.705 -2.048 3.288
4.730 -1.826 2.850
4.755 -1.537 2.291
4.780 -1.249 1.757
4.805 -0.938 1.271
4.830 -0.627 0.712
4.855 -0.294 0.153
4.880 -0.005 -0.382
4.905 0.305 -0.819
4.930 0.550 -1.281
4.955 0.816 -1.645
4.980 0.994 -2.058
5.005 1.304 -2.471
5.030 1.415 -2.787
5.055 1.682 -2.958
5.080 1.748 -3.176
5.105 1.837 -3.322
5.130 1.882 -3.492
5.155 1.970 -3.492
5.180 1.970 -3.492
5.205 1.948 -3.468
5.230 1.837 -3.298
5.255 1.771 -3.128
5.280 1.637 -2.982
5.305 1.504 -2.642
5.330 1.282 -2.326
5.355 1.105 -2.010
5.380 0.883 -1.597
5.405 0.638 -1.184
5.430 0.350 -0.698
5.455 0.061 -0.187
5.480 -0.227 0.323
5.505 -0.516 0.882
5.530 -0.782 1.368
5.555 -1.049 1.878
5.580 -1.337 2.413
5.605 -1.648 2.923
5.630 -1.937 3.433
5.655 -2.203 3.919
5.680 -2.492 4.357
5.705 -2.692 4.746
5.730 -2.914 5.159
5.755 -3.069 5.475
5.780 -3.247 5.742
5.805 -3.402 5.985
5.830 -3.535 6.228
5.855 -3.602 6.349
5.880 -3.646 6.422
5.905 -3.646 6.447
5.930 -3.624 6.447
5.955 -3.557 6.325
5.980 -3.491 6.179
6.005 -3.313 5.936
6.030 -3.247 5.718
6.055 -3.091 5.402
6.080 -2.936 5.086
6.105 -2.647 4.746
6.130 -2.447 4.284
6.155 -2.181 3.822
6.180 -1.915 3.336
6.205 -1.626 2.826
6.230 -1.337 2.291
6.255 -1.071 1.805
6.280 -0.782 1.319
6.305 -0.472 0.760
6.330 -0.183 0.201
6.355 0.128 -0.284
6.380 0.372 -0.746
6.405 0.638 -1.184
6.430 0.883 -1.694
6.455 1.082 -2.010
6.480 1.304 -2.374
6.505 1.504 -2.714
6.530 1.660 -2.933
6.555 1.815 -3.200
6.580 1.815 -3.346
6.605 1.948 -3.419
6.630 1.948 -3.492
6.655 1.882 -3.492
6.680 1.837 -3.443
6.705 1.815 -3.322
6.730 1.660 -3.200
6.755 1.526 -2.982
6.780 1.393 -2.666
6.805 1.238 -2.399
6.830 0.971 -1.985
6.855 0.772 -1.597
6.880 0.483 -1.135
6.905 0.217 -0.649
6.930 -0.072 -0.163
6.955 -0.361 0.274
6.980 -0.560 0.809
7.005 -0.893 1.271
7.030 -1.249 1.878
7.055 -1.537 2.364
7.080 -1.870 2.923
7.105 -2.070 3.458
7.130 -2.336 3.919
7.155 -2.536 4.308
7.180 -2.758 4.721
7.205 -2.980 5.086
7.230 -3.180 5.450
7.255 -3.313 5.718
7.280 -3.469 5.985
7.305 -3.580 6.106
7.330 -3.580 6.301
7.355 -3.580 6.422
7.380 -3.668 6.422
7.405 -3.624 6.349
7.430 -3.535 6.276
7.455 -3.424 6.155
7.480 -3.291 5.961
7.505 -3.113 5.669
7.530 -2.958 5.426
7.555 -2.780 5.061
7.580 -2.603 4.721
7.605 -2.359 4.260
7.630 -2.114 3.822
7.655 -1.759 3.336
7.680 -1.493 2.899
7.705 -1.204 2.291
7.730 -0.938 1.830
7.755 -0.560 1.319
7.780 -0.316 0.760
7.805 -0.005 0.250
7.830 0.261 -0.260
7.855 0.505 -0.673
7.880 0.772 -1.159
7.905 1.060 -1.597
7.930 1.216 -1.985
7.955 1.460 -2.350
7.980 1.593 -2.642
8.005 1.726 -2.909
8.030 1.837 -3.055
8.055 1.904 -3.322
8.080 1.926 -3.395
8.105 1.970 -3.443
8.130 1.948 -3.395
8.155 1.859 -3.371
8.180 1.771 -3.249
8.205 1.704 -3.128
8.230 1.549 -2.812
8.255 1.349 -2.593
8.280 1.127 -2.301
8.305 0.905 -1.961
8.330 0.683 -1.597
8.355 0.416 -1.111
8.380 0.150 -0.673
8.405 -0.094 -0.236
8.430 -0.427 0.323
8.455 -0.738 0.833
8.480 -1.027 1.319
8.505 -1.337 1.830
8.530 -1.648 2.291
8.555 -1.915 2.802
8.580 -2.203 3.361
8.605 -2.447 3.822
8.630 -2.692 4.235
8.655 -2.914 4.648
8.680 -3.136 5.013
8.705 -3.247 5.329
8.730 -3.446 5.669
8.755 -3.557 5.863
8.780 -3.646 6.058
8.805 -3.691 6.155
8.830 -3.691 6.252
8.855 -3.668 6.276
8.880 -3.557 6.276
8.905 -3.535 6.106
8.930 -3.424 6.034
8.955 -3.291 5.839
8.980 -3.180 5.645
9.005 -2.980 5.304
9.030 -2.758 4.989
9.055 -2.470 4.600
9.080 -2.270 4.162
9.105 -1.959 3.676
9.130 -1.715 3.263
9.155 -1.426 2.777
9.180 -1.093 2.267
9.205 -0.782 1.781
9.230 -0.538 1.271
9.255 -0.227 0.785
9.280 0.150 0.274
9.305 0.394 -0.212
9.330 0.638 -0.600
9.355 0.905 -1.086
9.380 1.171 -1.524
9.405 1.371 -1.913
9.430 1.549 -2.253
9.455 1.682 -2.544
9.480 1.815 -2.787
9.505 1.926 -3.030
9.530 1.970 -3.128
9.555 2.059 -3.249
9.580 2.081 -3.273
9.605 1.993 -3.225
9.630 1.926 -3.225
9.655 1.815 -3.079
9.680 1.748 -2.933
9.705 1.549 -2.714
9.730 1.393 -2.471
9.755 1.127 -2.131
9.780 0.838 -1.815
9.805 0.638 -1.451
9.830 0.350 -0.989
9.855 0.106 -0.600
9.880 -0.183 -0.163
9.905 -0.472 0.323
9.930 -0.827 0.858
9.955 -1.138 1.344
9.980 -1.471 1.830
10.005 -1.759 2.316
10.030 -2.048 2.850
10.055 -2.359 3.312
10.080 -2.603 3.774
10.105 -2.780 4.187
10.130 -3.002 4.575
10.155 -3.224 4.916
10.180 -3.402 5.232
10.205 -3.469 5.475
10.230 -3.580 5.742
10.255 -3.691 5.961
10.280 -3.713 6.058
10.305 -3.757 6.131
10.330 -3.757 6.131
10.355 -3.713 6.058
10.380 -3.646 5.961
10.405 -3.491 5.815
10.430 -3.358 5.645
10.455 -3.202 5.402
10.480 -3.002 5.159
10.505 -2.736 4.818
10.530 -2.447 4.430
10.555 -2.203 4.017
10.580 -1.937 3.603
10.605 -1.626 3.142
10.630 -1.293 2.631
10.655 -1.049 2.170
10.680 -0.694 1.732
10.705 -0.383 1.198
10.730 -0.094 0.712
10.755 0.172 0.226
10.780 0.483 -0.212
10.805 0.727 -0.649
10.830 0.994 -1.111
10.855 1.238 -1.499
10.880 1.460 -1.864
10.905 1.637 -2.180
10.930 1.793 -2.447
10.955 1.926 -2.690
10.980 2.037 -2.909
11.005 2.081 -3.055
11.030 2.104 -3.103
11.055 2.104 -3.152
11.080 2.037 -3.103
11.105 1.970 -3.030
11.130 1.837 -2.958
11.155 1.704 -2.787
11.180 1.549 -2.520
11.205 1.371 -2.253
11.230 1.149 -1.937
11.255 0.927 -1.572
11.280 0.661 -1.232
11.305 0.394 -0.843
11.330 0.061 -0.382
11.355 -0.250 0.007
11.380 -0.583 0.493
11.405 -0.916 1.003
11.430 -1.160 1.441
11.455 -1.493 1.975
11.480 -1.848 2.486
11.505 -2.092 2.972
11.530 -2.403 3.409
11.555 -2.692 3.846
11.580 -2.847 4.211
11.605 -3.113 4.600
11.630 -3.269 4.940
11.655 -3.491 5.232
11.680 -3.624 5.450
11.705 -3.735 5.620
11.730 -3.735 5.790
11.755 -3.824 5.888
11.780 -3.846 5.912
11.805 -3.846 5.985
11.830 -3.779 5.936
11.855 -3.691 5.839
11.880 -3.513 5.718
11.905 -3.380 5.450
11.930 -3.180 5.183
11.955 -2.958 4.891
11.980 -2.758 4.575
12.005 -2.536 4.211
12.030 -2.270 3.822
12.055 -1.981 3.433
12.080 -1.648 2.947
12.105 -1.315 2.437
12.130 -0.982 2.024
12.155 -0.694 1.514
12.180 -0.383 1.028
12.205 -0.094 0.542
12.230 0.217 0.104
12.255 0.483 -0.382
12.280 0.838 -0.770
12.305 1.038 -1.184
12.330 1.304 -1.548
12.355 1.526 -1.815
12.380 1.704 -2.180
12.405 1.859 -2.399
12.430 1.993 -2.666
12.455 2.081 -2.787
12.480 2.170 -2.933
12.505 2.126 -2.982
12.530 2.126 -2.982
12.555 2.081 -2.958
12.580 2.081 -2.909
12.605 1.904 -2.739
12.630 1.793 -2.569
12.655 1.615 -2.326
12.680 1.393 -2.058
12.705 1.171 -1.718
12.730 0.860 -1.451
12.755 0.594 -0.989
12.780 0.328 -0.600
12.805 0.039 -0.139
12.830 -0.272 0.299
12.855 -0.605 0.712
12.880 -0.893 1.271
12.905 -1.182 1.708
12.930 -1.559 2.145
12.955 -1.870 2.607
12.980 -2.181 3.117
13.005 -2.447 3.531
13.030 -2.603 3.944
13.055 -2.869 4.332
13.080 -3.113 4.648
13.105 -3.335 4.940
13.130 -3.513 5.183
13.155 -3.624 5.450
13.180 -3.779 5.620
13.205 -3.824 5.766
13.230 -3.824 5.863
13.255 -3.846 5.839
13.280 -3.802 5.863
13.305 -3.779 5.815
13.330 -3.624 5.669
13.355 -3.557 5.499
13.380 -3.424 5.280
13.405 -3.269 5.013
13.430 -3.025 4.697
13.455 -2.803 4.332
13.480 -2.514 4.017
13.505 -2.270 3.579
13.530 -1.959 3.117
13.555 -1.670 2.753
13.580 -1.360 2.267
13.605 -1.071 1.854
13.630 -0.716 1.319
13.655 -0.449 0.858
13.680 -0.072 0.372
13.705 0.172 -0.041
13.730 0.483 -0.503
13.755 0.838 -0.916
13.780 1.127 -1.305
13.805 1.282 -1.621
13.830 1.571 -1.937
13.855 1.726 -2.180
13.880 1.904 -2.496
13.905 1.948 -2.642
13.930 2.104 -2.739
13.955 2.148 -2.836
13.980 2.237 -2.885
14.005 2.148 -2.933
14.030 2.104 -2.860
14.055 2.037 -2.763
14.080 1.926 -2.617
14.105 1.793 -2.399
14.130 1.637 -2.180
14.155 1.438 -1.815
14.180 1.193 -1.572
14.205 0.971 -1.208
14.230 0.661 -0.795
14.255 0.328 -0.406
14.280 0.061 0.031
14.305 -0.227 0.469
14.330 -0.538 0.930
14.355 -0.871 1.441
14.380 -1.182 1.902
14.405 -1.537 2.413
14.430 -1.826 2.850
14.455 -2.203 3.312
14.480 -2.381 3.749
14.505 -2.714 4.138
14.530 -2.936 4.478
14.555 -3.136 4.794
14.580 -3.358 5.061
14.605 -3.491 5.329
14.630 -3.624 5.547
14.655 -3.779 5.669
14.680 -3.802 5.766
14.705 -3.846 5.839
14.730 -3.824 5.839
14.755 -3.802 5.815
14.780 -3.757 5.669
14.805 -3.691 5.547
14.830 -3.535 5.377
14.855 -3.380 5.159
14.880 -3.202 4.818
14.905 -3.025 4.575
14.930 -2.758 4.162
14.955 -2.536 3.846
14.980 -2.225 3.409
15.005 -2.003 2.972
15.030 -1.715 2.534
15.055 -1.404 2.073
15.080 -1.071 1.587
15.105 -0.760 1.101
15.130 -0.405 0.639
15.155 -0.139 0.201
15.180 0.172 -0.309
15.205 0.461 -0.698
15.230 0.772 -1.062
15.255 1.038 -1.402
15.280 1.260 -1.791
15.305 1.460 -2.083
15.330 1.660 -2.350
15.355 1.793 -2.569
15.380 1.970 -2.714
15.405 2.081 -2.812
15.430 2.148 -2.933
15.455 2.170 -2.933
15.480 2.148 -2.885
15.505 2.059 -2.836
15.530 2.015 -2.690
15.555 1.904 -2.496
15.580 1.793 -2.326
15.605 1.593 -2.034
15.630 1.415 -1.742
15.655 1.171 -1.354
15.680 0.927 -1.013
15.705 0.616 -0.576
15.730 0.372 -0.212
15.755 0.106 0.250
15.780 -0.183 0.712
15.805 -0.516 1.198
15.830 -0.827 1.635
15.855 -1.182 2.145
15.880 -1.448 2.583
15.905 -1.804 3.093
15.930 -2.092 3.433
15.955 -2.381 3.919
15.980 -2.625 4.284
16.005 -2.891 4.624
16.030 -3.047 4.916
16.055 -3.291 5.207
16.080 -3.446 5.475
16.105 -3.580 5.669
16.130 -3.691 5.766
16.155 -3.779 5.863
16.180 -3.757 5.863
16.205 -3.824 5.888
16.230 -3.824 5.742
16.255 -3.757 5.645
16.280 -3.668 5.547
16.305 -3.557 5.377
16.330 -3.380 5.086
16.355 -3.202 4.746
16.380 -3.002 4.454
16.405 -2.780 4.065
16.430 -2.492 3.603
16.455 -2.248 3.166
16.480 -1.959 2.802
16.505 -1.715 2.364
16.530 -1.360 1.854
16.555 -1.049 1.344
16.580 -0.716 0.833
16.605 -0.405 0.420
16.630 -0.116 -0.066
16.655 0.150 -0.455
16.680 0.461 -0.892
16.705 0.749 -1.329
16.730 0.994 -1.718
16.755 1.193 -1.985
16.780 1.415 -2.277
16.805 1.571 -2.471
16.830 1.815 -2.642
16.855 1.904 -2.812
16.880 2.015 -2.958
16.905 2.081 -3.006
16.930 2.104 -3.030
16.955 2.104 -2.958
16.980 2.081 -2.860
17.005 1.926 -2.714
17.030 1.837 -2.520
17.055 1.660 -2.277
17.080 1.593 -1.961
17.105 1.349 -1.621
17.130 1.127 -1.281
17.155 0.860 -0.892
17.180 0.661 -0.503
17.205 0.328 -0.017
17.230 0.083 0.445
17.255 -0.294 0.930
17.280 -0.583 1.392
17.305 -0.893 1.927
17.330 -1.204 2.364
17.355 -1.515 2.802
17.380 -1.781 3.239
17.405 -2.092 3.676
17.430 -2.359 4.114
17.455 -2.625 4.454
17.480 -2.825 4.818
17.505 -3.069 5.086
17.530 -3.224 5.353
17.555 -3.380 5.596
17.580 -3.469 5.766
17.605 -3.646 5.912
17.630 -3.668 5.936
17.655 -3.691 5.985
17.680 -3.735 5.888
17.705 -3.691 5.863
17.730 -3.602 5.718
17.755 -3.580 5.596
17.780 -3.469 5.280
17.805 -3.313 5.061
17.830 -3.113 4.794
17.855 -2.936 4.405
17.880 -2.758 3.968
17.905 -2.514 3.555
17.930 -2.203 3.117
17.955 -1.959 2.656
17.980 -1.648 2.145
18.005 -1.315 1.708
18.030 -1.004 1.271
18.055 -0.760 0.760
18.080 -0.427 0.226
18.105 -0.139 -0.260
18.130 0.150 -0.649
18.155 0.461 -1.062
18.180 0.705 -1.499
18.205 0.949 -1.815
18.230 1.149 -2.156
18.255 1.371 -2.423
18.280 1.526 -2.617
18.305 1.682 -2.909
18.330 1.793 -3.079
18.355 1.904 -3.176
18.380 2.015 -3.152
18.405 1.993 -3.103
18.430 1.993 -3.103
18.455 1.904 -2.958
18.480 1.859 -2.812
18.505 1.748 -2.569
18.530 1.637 -2.301
18.555 1.438 -1.985
18.580 1.304 -1.621
18.605 1.060 -1.281
18.630 0.772 -0.868
18.655 0.461 -0.455
18.680 0.305 0.031
18.705 0.017 0.542
18.730 -0.316 1.003
18.755 -0.649 1.465
18.780 -0.916 1.951
18.805 -1.182 2.510
18.830 -1.493 2.947
18.855 -1.781 3.433
18.880 -2.070 3.846
18.905 -2.314 4.211
18.930 -2.603 4.600
18.955 -2.803 4.916
18.980 -2.980 5.256
19.005 -3.202 5.547
19.030 -3.335 5.742
19.055 -3.469 5.912
19.080 -3.557 6.058
19.105 -3.602 6.106
19.130 -3.646 6.058
19.155 -3.646 6.034
19.180 -3.646 5.961
19.205 -3.580 5.790
19.230 -3.469 5.596
19.255 -3.358 5.377
19.280 -3.202 5.086
19.305 -3.025 4.770
19.330 -2.825 4.405
19.355 -2.647 3.992
19.380 -2.359 3.555
19.405 -2.070 3.142
19.430 -1.826 2.656
19.455 -1.559 2.121
19.480 -1.249 1.587
19.505 -0.960 1.173
19.530 -0.649 0.687
19.555 -0.361 0.129
19.580 -0.028 -0.333
19.605 0.172 -0.795
19.630 0.416 -1.208
19.655 0.683 -1.621
19.680 0.927 -2.034
19.705 1.171 -2.350
19.730 1.327 -2.520
19.755 1.504 -2.787
19.780 1.637 -3.006
19.805 1.748 -3.128
19.830 1.793 -3.225
19.855 1.815 -3.298
19.880 1.837 -3.273
19.905 1.882 -3.152
19.930 1.837 -3.055
19.955 1.726 -2.836
19.980 1.615 -2.642
20.005 1.482 -2.399
20.030 1.327 -2.010
20.055 1.149 -1.694
20.080 0.927 -1.329
20.105 0.661 -0.916
20.130 0.461 -0.455
20.155 0.172 0.056
20.180 -0.161 0.615
20.205 -0.383 1.003
20.230 -0.694 1.514
20.255 -0.982 2.048
20.280 -1.271 2.510
20.305 -1.537 2.972
20.330 -1.870 3.482
20.355 -2.137 3.895
20.380 -2.359 4.332
20.405 -2.603 4.746
20.430 -2.780 5.037
20.455 -3.002 5.402
20.480 -3.202 5.645
20.505 -3.269 5.888
20.530 -3.424 6.058
20.555 -3.446 6.131
20.580 -3.535 6.179
20.605 -3.557 6.204
20.630 -3.580 6.204
20.655 -3.535 6.058
20.680 -3.469 5.888
20.705 -3.358 5.645
20.730 -3.269 5.426
20.755 -3.113 5.159
20.780 -2.891 4.843
20.805 -2.714 4.405
20.830 -2.470 4.017
20.855 -2.248 3.555
20.880 -1.959 3.117
20.905 -1.693 2.583
20.930 -1.471 2.121
20.955 -1.160 1.635
20.980 -0.893 1.173
21.005 -0.560 0.590
21.030 -0.294 0.129
21.055 -0.028 -0.309
21.080 0.239 -0.795
21.105 0.505 -1.329
21.130 0.749 -1.645
21.155 0.994 -2.058
21.180 1.238 -2.350
21.205 1.393 -2.642
21.230 1.526 -2.860
21.255 1.660 -3.055
21.280 1.726 -3.225
21.305 1.771 -3.273
21.330 1.815 -3.298
21.355 1.859 -3.298
21.380 1.793 -3.225
21.405 1.771 -3.103
21.430 1.637 -2.909
21.455 1.526 -2.666
21.480 1.371 -2.399
21.505 1.216 -2.131
21.530 0.994 -1.767
21.555 0.794 -1.354
21.580 0.527 -0.965
21.605 0.350 -0.503
21.630 0.061 0.007
21.655 -0.227 0.493
21.680 -0.516 0.979
21.705 -0.893 1.514
21.730 -1.115 2.024
21.755 -1.426 2.510
21.780 -1.693 2.996
21.805 -1.915 3.506
21.830 -2.203 3.944
21.855 -2.447 4.308
21.880 -2.669 4.697
21.905 -2.869 5.061
21.930 -3.047 5.402
21.955 -3.180 5.645
21.980 -3.335 5.888
22.005 -3.358 5.985
22.030 -3.469 6.179
22.055 -3.535 6.228
22.080 -3.535 6.252
22.105 -3.535 6.179
22.130 -3.469 6.106
22.155 -3.358 5.888
22.180 -3.224 5.693
22.205 -3.113 5.499
22.230 -2.958 5.232
22.255 -2.803 4.843
22.280 -2.647 4.503
22.305 -2.359 4.041
22.330 -2.092 3.579
22.355 -1.848 3.093
22.380 -1.559 2.680
22.405 -1.271 2.121
22.430 -0.982 1.635
22.455 -0.694 1.149
22.480 -0.494 0.663
22.505 -0.205 0.104
22.530 0.083 -0.309
22.555 0.372 -0.770
22.580 0.616 -1.208
22.605 0.905 -1.621
22.630 1.105 -1.985
22.655 1.304 -2.350
22.680 1.371 -2.617
22.705 1.526 -2.860
22.730 1.660 -3.006
22.755 1.771 -3.200
22.780 1.793 -3.273
22.805 1.815 -3.298
22.830 1.771 -3.273
22.855 1.748 -3.273
22.880 1.682 -3.128
22.905 1.593 -2.958
22.930 1.438 -2.714
22.955 1.304 -2.423
22.980 1.082 -2.083
23.005 0.883 -1.815
23.030 0.616 -1.354
23.055 0.439 -0.965
23.080 0.217 -0.479
23.105 -0.094 -0.066
23.130 -0.427 0.493
23.155 -0.671 0.930
23.180 -0.982 1.514
23.205 -1.182 1.975
23.230 -1.537 2.486
23.255 -1.781 2.947
23.280 -2.092 3.482
23.305 -2.270 3.871
23.330 -2.514 4.332
23.355 -2.692 4.697
23.380 -2.936 5.061
23.405 -3.113 5.353
23.430 -3.247 5.669
23.455 -3.380 5.863
23.480 -3.424 6.106
23.505 -3.491 6.155
23.530 -3.513 6.204
23.555 -3.491 6.155
23.580 -3.491 6.106
23.605 -3.424 6.058
23.630 -3.358 5.912
23.655 -3.180 5.693
23.680 -3.069 5.450
23.705 -2.847 5.183
23.730 -2.647 4.867
23.755 -2.447 4.478
23.780 -2.203 4.041
23.805 -1.981 3.628
23.830 -1.737 3.190
23.855 -1.448 2.704
23.880 -1.204 2.145
23.905 -0.938 1.708
23.930 -0.605 1.173
23.955 -0.272 0.663
23.980 -0.094 0.177
24.005 0.239 -0.284
24.030 0.483 -0.746
24.055 0.727 -1.184
24.080 0.949 -1.548
24.105 1.127 -1.961
24.130 1.371 -2.277
24.155 1.504 -2.593
24.180 1.571 -2.763
24.205 1.682 -3.006
24.230 1.771 -3.103
24.255 1.815 -3.249
24.280 1.815 -3.200
24.305 1.815 -3.273
24.330 1.726 -3.128
24.355 1.682 -3.006
24.380 1.526 -2.836
24.405 1.393 -2.690
24.430 1.193 -2.350
24.455 1.016 -2.131
24.480 0.816 -1.694
24.505 0.594 -1.378
24.530 0.283 -0.892
24.555 0.039 -0.503
24.580 -0.227 -0.017
24.605 -0.516 0.469
24.630 -0.805 0.979
24.655 -1.093 1.416
24.680 -1.404 1.951
24.705 -1.693 2.461
24.730 -1.915 2.972
24.755 -2.203 3.409
24.780 -2.425 3.895
24.805 -2.647 4.284
24.830 -2.825 4.648
24.855 -3.025 4.964
24.880 -3.247 5.329
24.905 -3.291 5.572
24.930 -3.402 5.815
24.955 -3.513 5.961
24.980 -3.557 6.058
25.005 -3.580 6.179
25.030 -3.557 6.082
25.055 -3.513 6.034
25.080 -3.469 5.961
25.105 -3.313 5.839
25.130 -3.180 5.645
25.155 -3.002 5.402
25.180 -2.869 5.110
25.205 -2.625 4.746
25.230 -2.381 4.430
25.255 -2.137 3.992
25.280 -1.892 3.579
25.305 -1.604 3.142
25.330 -1.360 2.656
25.355 -1.049 2.194
25.380 -0.738 1.708
25.405 -0.516 1.149
25.430 -0.183 0.712
25.455 0.128 0.226
25.480 0.372 -0.260
25.505 0.638 -0.673
25.530 0.816 -1.086
25.555 1.060 -1.451
25.580 1.260 -1.840
25.605 1.460 -2.253
25.630 1.571 -2.447
25.655 1.726 -2.714
25.680 1.748 -2.909
25.705 1.837 -3.006
25.730 1.859 -3.103
25.755 1.859 -3.128
25.780 1.837 -3.152
25.805 1.793 -3.103
25.830 1.593 -2.885
25.855 1.526 -2.763
25.880 1.327 -2.544
25.905 1.238 -2.326
25.930 0.949 -1.961
25.955 0.705 -1.645
25.980 0.505 -1.281
26.005 0.261 -0.892
26.030 -0.028 -0.430
26.055 -0.316 0.007
26.080 -0.627 0.542
26.105 -0.916 0.979
26.130 -1.138 1.489
26.155 -1.515 1.975
26.180 -1.804 2.461
26.205 -2.048 2.947
26.230 -2.359 3.433
26.255 -2.514 3.822
26.280 -2.780 4.211
26.305 -2.958 4.551
26.330 -3.180 4.867
26.355 -3.335 5.134
26.380 -3.469 5.499
26.405 -3.535 5.645
26.430 -3.580 5.839
26.455 -3.557 5.912
26.480 -3.646 6.009
26.505 -3.624 5.985
26.530 -3.557 5.936
26.555 -3.446 5.839
26.580 -3.358 5.718
26.605 -3.202 5.499
26.630 -3.091 5.280
26.655 -2.869 4.989
26.680 -2.603 4.648
26.705 -2.403 4.211
26.730 -2.092 3.846
26.755 -1.848 3.385
26.780 -1.559 3.045
26.805 -1.249 2.583
26.830 -0.960 2.097
26.855 -0.671 1.611
26.880 -0.338 1.149
26.905 -0.072 0.663
26.930 0.194 0.201
26.955 0.461 -0.260
26.980 0.683 -0.673
27.005 0.949 -1.086
27.030 1.193 -1.451
27.055 1.371 -1.840
27.080 1.549 -2.058
27.105 1.682 -2.374
27.130 1.771 -2.520
27.155 1.837 -2.763
27.180 1.926 -2.885
27.205 1.948 -2.933
27.230 1.904 -2.885
27.255 1.859 -2.885
27.280 1.793 -2.812
27.305 1.704 -2.739
27.330 1.571 -2.544
27.355 1.393 -2.423
27.380 1.193 -2.107
27.405 0.994 -1.767
27.430 0.772 -1.451
27.455 0.483 -1.111
27.480 0.194 -0.673
27.505 -0.050 -0.260
27.530 -0.361 0.153
27.555 -0.649 0.566
27.580 -0.982 1.101
27.605 -1.249 1.562
27.630 -1.515 2.121
27.655 -1.804 2.510
27.680 -2.070 3.020
27.705 -2.359 3.433
27.730 -2.647 3.846
27.755 -2.803 4.162
27.780 -3.047 4.527
27.805 -3.158 4.843
27.830 -3.402 5.159
27.855 -3.491 5.353
27.880 -3.602 5.547
27.905 -3.646 5.693
27.930 -3.691 5.790
27.955 -3.668 5.790
27.980 -3.646 5.863
28.005 -3.646 5.766
28.030 -3.513 5.669
28.055 -3.380 5.499
28.080 -3.269 5.304
28.105 -3.047 5.086
28.130 -2.847 4.746
28.155 -2.581 4.430
28.180 -2.425 4.114
28.205 -2.137 3.725
28.230 -1.804 3.312
28.255 -1.537 2.850
28.280 -1.315 2.413
28.305 -0.982 1.951
28.330 -0.671 1.465
28.355 -0.361 1.028
28.380 -0.094 0.517
28.405 0.239 0.104
28.430 0.483 -0.309
28.455 0.772 -0.770
28.480 1.016 -1.086
28.505 1.282 -1.475
28.530 1.393 -1.791
28.555 1.549 -2.107
28.580 1.682 -2.350
28.605 1.859 -2.520
28.630 1.837 -2.666
28.655 1.948 -2.812
28.680 1.970 -2.787
28.705 1.970 -2.812
28.730 1.970 -2.836
28.755 1.882 -2.714
28.780 1.748 -2.544
28.805 1.593 -2.423
28.830 1.415 -2.156
28.855 1.216 -1.888
28.880 0.994 -1.597
28.905 0.772 -1.329
28.930 0.550 -0.892
28.955 0.217 -0.527
28.980 -0.072 -0.066
29.005 -0.316 0.372
29.030 -0.671 0.833
29.055 -1.004 1.246
29.080 -1.226 1.732
29.105 -1.515 2.194
29.130 -1.804 2.656
29.155 -2.137 3.093
29.180 -2.403 3.458
29.205 -2.669 3.846
29.230 -2.869 4.260
29.255 -3.091 4.551
29.280 -3.269 4.867
29.305 -3.402 5.013
29.330 -3.557 5.353
29.355 -3.602 5.475
29.380 -3.713 5.596
29.405 -3.713 5.718
29.430 -3.735 5.693
29.455 -3.668 5.669
29.480 -3.624 5.596
29.505 -3.535 5.426
29.530 -3.402 5.329
29.555 -3.247 5.110
29.580 -3.047 4.916
29.605 -2.847 4.527
29.630 -2.625 4.235
29.655 -2.425 3.871
29.680 -2.092 3.458
29.705 -1.826 3.020
29.730 -1.515 2.583
29.755 -1.204 2.145
29.780 -0.938 1.684
29.805 -0.627 1.295
29.830 -0.383 0.882
29.855 -0.028 0.396
29.880 0.283 -0.017
29.905 0.550 -0.455
29.930 0.794 -0.843
29.955 1.082 -1.232
29.980 1.282 -1.548
30.005 1.460 -1.840
30.030 1.660 -2.107
30.055 1.815 -2.350
30.080 1.904 -2.544
30.105 2.015 -2.593
30.130 2.015 -2.739
30.155 2.015 -2.739
30.180 2.037 -2.666
30.205 1.993 -2.690
30.230 1.859 -2.593
30.255 1.815 -2.447
30.280 1.637 -2.180
30.305 1.482 -1.985
30.330 1.260 -1.670
30.355 1.016 -1.427
30.380 0.838 -1.038
30.405 0.527 -0.698
30.430 0.239 -0.284
30.455 -0.028 0.177
30.480 -0.338 0.566
30.505 -0.649 1.003
30.530 -0.938 1.489
30.555 -1.204 1.951
30.580 -1.559 2.413
30.605 -1.848 2.802
30.630 -2.159 3.215
30.655 -2.381 3.628
30.680 -2.625 3.968
30.705 -2.869 4.332
30.730 -3.091 4.673
30.755 -3.224 4.916
30.780 -3.424 5.183
30.805 -3.535 5.377
30.830 -3.668 5.499
30.855 -3.713 5.547
30.880 -3.735 5.596
30.905 -3.713 5.645
30.930 -3.691 5.596
30.955 -3.602 5.475
30.980 -3.557 5.304
31.005 -3.402 5.159
31.030 -3.269 4.916
31.055 -3.091 4.648
31.080 -2.891 4.357
31.105 -2.669 4.017
31.130 -2.425 3.628
31.155 -2.137 3.263
31.180 -1.870 2.874
31.205 -1.604 2.389
31.230 -1.293 1.927
31.255 -1.004 1.465
31.280 -0.627 1.052
31.305 -0.383 0.615
31.330 -0.050 0.177
31.355 0.261 -0.212
31.380 0.483 -0.698
31.405 0.749 -1.013
31.430 1.016 -1.305
31.455 1.238 -1.670
31.480 1.393 -1.985
31.505 1.615 -2.228
31.530 1.748 -2.399
31.555 1.859 -2.569
31.580 1.970 -2.666
31.605 1.993 -2.714
31.630 2.059 -2.739
31.655 2.015 -2.690
31.680 2.015 -2.617
31.705 1.904 -2.471
31.730 1.793 -2.277
31.755 1.593 -2.107
31.780 1.415 -1.840
31.805 1.216 -1.597
31.830 1.060 -1.232
31.855 0.794 -0.868
31.880 0.572 -0.479
31.905 0.283 -0.090
31.930 -0.050 0.323
31.955 -0.338 0.785
31.980 -0.649 1.271
32.005 -0.960 1.635
32.030 -1.249 2.097
32.055 -1.515 2.583
32.080 -1.781 3.045
32.105 -2.026 3.458
32.130 -2.292 3.822
32.155 -2.625 4.187
32.180 -2.847 4.503
32.205 -3.047 4.818
32.230 -3.269 5.061
32.255 -3.380 5.304
32.280 -3.491 5.475
32.305 -3.602 5.547
32.330 -3.624 5.693
32.355 -3.713 5.718
32.380 -3.646 5.669
32.405 -3.668 5.596
32.430 -3.646 5.475
32.455 -3.513 5.329
32.480 -3.402 5.134
32.505 -3.269 4.891
32.530 -3.091 4.575
32.555 -2.914 4.211
32.580 -2.647 3.895
32.605 -2.425 3.506
32.630 -2.137 3.093
32.655 -1.915 2.656
32.680 -1.582 2.243
32.705 -1.337 1.830
32.730 -1.004 1.271
32.755 -0.716 0.858
32.780 -0.383 0.396
32.805 -0.094 -0.041
32.830 0.217 -0.455
32.855 0.461 -0.795
32.880 0.727 -1.184
32.905 0.927 -1.499
32.930 1.171 -1.864
32.955 1.327 -2.131
32.980 1.593 -2.301
33.005 1.682 -2.496
33.030 1.837 -2.642
33.055 1.926 -2.739
33.080 1.970 -2.812
33.105 1.948 -2.787
33.130 1.993 -2.714
33.155 1.926 -2.593
33.180 1.815 -2.471
33.205 1.726 -2.277
33.230 1.593 -2.107
33.255 1.415 -1.791
33.280 1.304 -1.499
33.305 1.016 -1.086
33.330 0.749 -0.722
33.355 0.527 -0.382
33.380 0.283 0.031
33.405 -0.028 0.542
33.430 -0.338 0.955
33.455 -0.694 1.416
33.480 -0.916 1.878
33.505 -1.226 2.364
33.530 -1.537 2.777
33.555 -1.804 3.239
33.580 -2.114 3.579
33.605 -2.359 4.017
33.630 -2.536 4.332
33.655 -2.803 4.697
33.680 -2.958 4.964
33.705 -3.180 5.232
33.730 -3.358 5.402
33.755 -3.446 5.572
33.780 -3.535 5.620
33.805 -3.646 5.718
33.830 -3.646 5.718
33.855 -3.668 5.718
33.880 -3.646 5.620
33.905 -3.557 5.499
33.930 -3.491 5.304
33.955 -3.313 5.086
33.980 -3.180 4.818
34.005 -3.025 4.600
34.030 -2.825 4.211
34.055 -2.558 3.774
34.080 -2.314 3.433
34.105 -2.114 2.996
34.130 -1.826 2.510
34.155 -1.559 2.121
34.180 -1.271 1.587
34.205 -0.982 1.149
34.230 -0.671 0.663
34.255 -0.427 0.226
34.280 -0.072 -0.212
34.305 0.150 -0.576
34.330 0.416 -1.013
34.355 0.661 -1.402
34.380 0.905 -1.718
34.405 1.127 -1.985
34.430 1.349 -2.277
34.455 1.482 -2.520
34.480 1.704 -2.690
34.505 1.748 -2.714
34.530 1.837 -2.860
34.555 1.815 -2.860
34.580 1.859 -2.909
34.605 1.859 -2.787
34.630 1.859 -2.714
34.655 1.704 -2.520
34.680 1.637 -2.374
34.705 1.482 -2.058
34.730 1.282 -1.767
34.755 1.193 -1.427
34.780 0.949 -1.111
34.805 0.727 -0.673
34.830 0.461 -0.260
34.855 0.194 0.201
34.880 -0.072 0.639
34.905 -0.383 1.076
34.930 -0.649 1.514
34.955 -0.982 2.000
34.980 -1.226 2.461
35.005 -1.537 2.972
35.030 -1.804 3.409
35.055 -2.048 3.846
35.080 -2.314 4.162
35.105 -2.581 4.527
35.130 -2.803 4.843
35.155 -2.980 5.134
35.180 -3.158 5.377
35.205 -3.313 5.596
35.230 -3.402 5.742
35.255 -3.491 5.815
35.280 -3.557 5.839
35.305 -3.557 5.888
35.330 -3.491 5.815
35.355 -3.535 5.766
35.380 -3.402 5.596
35.405 -3.358 5.450
35.430 -3.224 5.159
35.455 -3.091 4.843
35.480 -2.958 4.575
35.505 -2.780 4.235
35.530 -2.514 3.822
35.555 -2.314 3.385
35.580 -2.048 2.947
35.605 -1.759 2.461
35.630 -1.537 2.024
35.655 -1.204 1.538
35.680 -0.938 1.076
35.705 -0.716 0.615
35.730 -0.427 0.104
35.755 -0.116 -0.309
35.780 0.194 -0.722
35.805 0.439 -1.086
35.830 0.683 -1.524
35.855 0.860 -1.767
35.880 1.082 -2.156
35.905 1.260 -2.374
35.930 1.415 -2.617
35.955 1.526 -2.763
35.980 1.637 -2.933
36.005 1.682 -2.982
36.030 1.793 -3.055
36.055 1.815 -2.958
36.080 1.793 -2.885
36.105 1.704 -2.763
36.130 1.660 -2.617
36.155 1.571 -2.374
36.180 1.482 -2.107
36.205 1.193 -1.815
36.230 1.038 -1.451
36.255 0.838 -1.062
36.280 0.638 -0.698
36.305 0.350 -0.236
36.330 0.106 0.201
36.355 -0.205 0.712
36.380 -0.449 1.101
36.405 -0.760 1.611
36.430 -1.049 2.048
36.455 -1.315 2.583
36.480 -1.582 3.045
36.505 -1.826 3.506
36.530 -2.048 3.871
36.555 -2.336 4.260
36.580 -2.536 4.624
36.605 -2.825 4.916
36.630 -2.936 5.280
36.655 -3.069 5.426
36.680 -3.202 5.693
36.705 -3.313 5.912
36.730 -3.402 5.936
36.755 -3.469 6.009
36.780 -3.446 6.009
36.805 -3.491 5.912
36.830 -3.424 5.790
36.855 -3.358 5.669
36.880 -3.313 5.450
36.905 -3.158 5.183
36.930 -3.002 4.964
36.955 -2.891 4.673
36.980 -2.692 4.235
37.005 -2.425 3.822
37.030 -2.203 3.361
37.055 -1.937 2.923
37.080 -1.693 2.461
37.105 -1.448 2.000
37.130 -1.115 1.514
37.155 -0.849 1.052
37.180 -0.560 0.566
37.205 -0.316 0.104
37.230 0.017 -0.333
37.255 0.194 -0.770
37.280 0.483 -1.184
37.305 0.705 -1.597
37.330 0.927 -1.937
37.355 1.082 -2.180
37.380 1.282 -2.520
37.405 1.415 -2.714
37.430 1.549 -2.885
37.455 1.615 -2.982
37.480 1.704 -3.079
37.505 1.682 -3.079
37.530 1.682 -3.079
37.555 1.660 -2.958
37.580 1.637 -2.885
37.605 1.504 -2.690
37.630 1.415 -2.447
37.655 1.260 -2.228
37.680 1.105 -1.864
37.705 0.927 -1.499
37.730 0.727 -1.111
37.755 0.461 -0.698
37.780 0.217 -0.284
37.805 -0.050 0.226
37.830 -0.250 0.639
37.855 -0.538 1.173
37.880 -0.782 1.635
37.905 -1.115 2.170
37.930 -1.360 2.583
37.955 -1.648 3.045
37.980 -1.892 3.482
38.005 -2.092 3.944
38.030 -2.336 4.260
38.055 -2.603 4.673
38.080 -2.758 5.013
38.105 -3.002 5.353
38.130 -3.136 5.572
38.155 -3.224 5.766
38.180 -3.313 5.888
38.205 -3.402 5.936
38.230 -3.424 6.034
38.255 -3.446 6.034
38.280 -3.380 6.009
38.305 -3.402 5.936
38.330 -3.291 5.718
38.355 -3.202 5.499
38.380 -3.047 5.232
38.405 -2.891 4.989
38.430 -2.647 4.624
38.455 -2.514 4.260
38.480 -2.314 3.871
38.505 -2.048 3.433
38.530 -1.826 2.972
38.555 -1.559 2.559
38.580 -1.337 2.024
38.605 -1.004 1.587
38.630 -0.716 1.052
38.655 -0.449 0.615
38.680 -0.205 0.080
38.705 0.061 -0.357
38.730 0.328 -0.795
38.755 0.594 -1.184
38.780 0.794 -1.572
38.805 0.994 -1.913
38.830 1.216 -2.228
38.855 1.327 -2.496
38.880 1.438 -2.763
38.905 1.482 -2.885
38.930 1.637 -3.006
38.955 1.637 -3.103
38.980 1.704 -3.128
39.005 1.637 -3.055
39.030 1.637 -3.030
39.055 1.549 -2.885
39.080 1.438 -2.739
39.105 1.349 -2.496
39.130 1.171 -2.228
39.155 0.994 -1.888
39.180 0.794 -1.597
39.205 0.550 -1.256
39.230 0.328 -0.722
39.255 0.083 -0.309
39.280 -0.183 0.129
39.305 -0.427 0.639
39.330 -0.694 1.101
39.355 -1.004 1.562
39.380 -1.271 2.073
39.405 -1.537 2.534
39.430 -1.781 2.996
39.455 -2.003 3.482
39.480 -2.225 3.895
39.505 -2.492 4.284
39.530 -2.692 4.648
39.555 -2.914 4.989
39.580 -2.980 5.256
39.605 -3.158 5.547
39.630 -3.247 5.718
39.655 -3.291 5.888
39.680 -3.402 5.985
39.705 -3.402 6.009
39.730 -3.402 5.985
39.755 -3.380 5.985
39.780 -3.269 5.839
39.805 -3.202 5.693
39.830 -3.091 5.499
39.855 -3.002 5.256
39.880 -2.780 4.964
39.905 -2.558 4.600
39.930 -2.381 4.284
39.955 -2.181 3.895
39.980 -1.959 3.482
40.005 -1.648 3.020
40.030 -1.360 2.559
40.055 -1.138 2.073
40.080 -0.871 1.562
40.105 -0.627 1.125
40.130 -0.316 0.590
40.155 -0.028 0.104
40.180 0.261 -0.309
40.205 0.416 -0.722
40.230 0.638 -1.111
40.255 0.883 -1.475
40.280 1.105 -1.864
40.305 1.238 -2.204
40.330 1.393 -2.471
40.355 1.504 -2.690
40.380 1.526 -2.860
40.405 1.637 -2.982
40.430 1.682 -3.079
40.455 1.682 -3.079
40.480 1.660 -3.055
40.505 1.571 -2.958
40.530 1.526 -2.836
40.555 1.371 -2.666
40.580 1.304 -2.471
40.605 1.127 -2.180
40.630 0.949 -1.840
40.655 0.705 -1.548
40.680 0.505 -1.208
40.705 0.194 -0.795
40.730 -0.028 -0.333
40.755 -0.227 0.080
40.780 -0.560 0.517
40.805 -0.849 1.052
40.830 -1.093 1.514
40.855 -1.337 2.024
40.880 -1.648 2.510
40.905 -1.892 2.996
40.930 -2.159 3.409
40.955 -2.336 3.774
40.980 -2.603 4.187
41.005 -2.780 4.624
41.030 -2.914 4.916
41.055 -3.091 5.183
41.080 -3.224 5.426
41.105 -3.291 5.645
41.130 -3.358 5.839
41.155 -3.446 5.888
41.180 -3.424 5.961
41.205 -3.358 5.985
41.230 -3.402 5.912
41.255 -3.291 5.815
41.280 -3.180 5.669
41.305 -3.047 5.475
41.330 -2.914 5.207
41.355 -2.736 4.867
41.380 -2.536 4.600
41.405 -2.314 4.211
41.430 -2.092 3.846
41.455 -1.826 3.433
41.480 -1.559 2.947
41.505 -1.271 2.534
41.530 -1.027 2.097
41.555 -0.760 1.587
41.580 -0.494 1.076
41.605 -0.205 0.639
41.630 0.039 0.177
41.655 0.305 -0.284
41.680 0.527 -0.722
41.705 0.794 -1.135
41.730 1.038 -1.451
41.755 1.193 -1.742
41.780 1.304 -2.083
41.805 1.460 -2.326
41.830 1.571 -2.520
41.855 1.660 -2.763
41.880 1.726 -2.885
41.905 1.726 -2.933
41.930 1.660 -2.982
41.955 1.704 -2.982
41.980 1.615 -2.860
42.005 1.549 -2.763
42.030 1.415 -2.593
42.055 1.260 -2.423
42.080 1.105 -2.131
42.105 0.838 -1.840
42.130 0.616 -1.475
42.155 0.394 -1.135
42.180 0.172 -0.722
42.205 -0.094 -0.309
42.230 -0.361 0.177
42.255 -0.649 0.615
42.280 -0.938 1.101
42.305 -1.226 1.514
42.330 -1.493 2.024
42.355 -1.737 2.510
42.380 -2.003 2.947
42.405 -2.248 3.409
42.430 -2.470 3.822
42.455 -2.669 4.162
42.480 -2.847 4.551
42.505 -3.069 4.843
42.530 -3.224 5.159
42.555 -3.291 5.353
42.580 -3.380 5.523
42.605 -3.446 5.669
42.630 -3.469 5.766
42.655 -3.446 5.839
42.680 -3.491 5.839
42.705 -3.446 5.790
42.730 -3.335 5.718
42.755 -3.224 5.547
42.780 -3.091 5.377
42.805 -2.869 5.134
42.830 -2.692 4.843
42.855 -2.447 4.478
42.880 -2.292 4.162
42.905 -2.048 3.749
42.930 -1.759 3.433
42.955 -1.471 2.947
42.980 -1.226 2.486
43.005 -0.938 2.000
43.030 -0.694 1.587
43.055 -0.361 1.076
43.080 -0.116 0.663
43.105 0.128 0.201
43.130 0.416 -0.187
43.155 0.638 -0.673
43.180 0.838 -1.013
43.205 1.082 -1.427
43.230 1.260 -1.718
43.255 1.460 -2.034
43.280 1.504 -2.253
43.305 1.682 -2.496
43.330 1.748 -2.569
43.355 1.793 -2.739
43.380 1.771 -2.787
43.405 1.815 -2.812
43.430 1.726 -2.787
43.455 1.704 -2.763
43.480 1.571 -2.617
43.505 1.415 -2.471
43.530 1.193 -2.277
43.555 1.105 -1.961
43.580 0.860 -1.694
43.605 0.661 -1.354
43.630 0.372 -0.941
43.655 0.217 -0.552
43.680 -0.116 -0.139
43.705 -0.383 0.250
43.730 -0.671 0.712
43.755 -1.004 1.173
43.780 -1.271 1.635
43.805 -1.515 2.000
43.830 -1.804 2.486
43.855 -2.070 2.923
43.880 -2.359 3.336
43.905 -2.603 3.774
43.930 -2.803 4.138
43.955 -2.980 4.478
43.980 -3.113 4.794
44.005 -3.269 4.989
44.030 -3.424 5.280
44.055 -3.513 5.402
44.080 -3.513 5.572
44.105 -3.491 5.669
44.130 -3.535 5.693
44.155 -3.513 5.693
44.180 -3.469 5.645
44.205 -3.380 5.523
44.230 -3.291 5.377
44.255 -3.158 5.183
44.280 -2.958 4.940
44.305 -2.714 4.648
44.330 -2.492 4.332
44.355 -2.292 3.992
44.380 -2.092 3.628
44.405 -1.804 3.215
44.430 -1.537 2.826
44.455 -1.226 2.389
44.480 -0.938 1.902
44.505 -0.605 1.465
44.530 -0.361 1.028
44.555 -0.072 0.566
44.580 0.194 0.104
44.605 0.483 -0.333
44.630 0.661 -0.649
44.655 0.994 -1.013
44.680 1.149 -1.329
44.705 1.327 -1.742
44.730 1.460 -1.937
44.755 1.637 -2.253
44.780 1.726 -2.374
44.805 1.793 -2.544
44.830 1.815 -2.666
44.855 1.882 -2.690
44.880 1.859 -2.642
44.905 1.793 -2.642
44.930 1.682 -2.544
44.955 1.615 -2.423
44.980 1.415 -2.204
45.005 1.260 -2.034
45.030 1.082 -1.718
45.055 0.860 -1.475
45.080 0.638 -1.135
45.105 0.416 -0.819
45.130 0.172 -0.406
45.155 -0.139 -0.066
45.180 -0.449 0.420
45.205 -0.760 0.882
45.230 -1.027 1.344
45.255 -1.271 1.732
45.280 -1.537 2.194
45.305 -1.826 2.631
