Symmetrische Eigenschwingung
39.2
0.025 0.883 5.547
0.050 1.526 6.276
0.085 1.637 6.422
0.110 1.615 6.398
0.135 1.526 6.228
0.160 1.438 6.009
0.185 1.260 5.815
0.210 1.082 5.596
0.235 0.905 5.329
0.260 0.705 4.989
0.285 0.483 4.575
0.310 0.194 4.187
0.335 0.017 3.822
0.360 -0.227 3.409
0.385 -0.494 2.947
0.418 -0.849 2.364
0.443 -1.138 1.854
0.468 -1.404 1.416
0.493 -1.693 0.979
0.518 -1.937 0.493
0.543 -2.137 0.031
0.568 -2.359 -0.357
0.593 -2.625 -0.795
0.620 -2.825 -1.208
0.645 -3.002 -1.499
0.670 -3.224 -1.791
0.695 -3.335 -2.156
0.720 -3.491 -2.374
0.745 -3.557 -2.617
0.770 -3.646 -2.787
0.795 -3.757 -2.885
0.820 -3.779 -2.982
0.845 -3.779 -2.982
0.870 -3.713 -3.006
0.895 -3.735 -2.958
0.920 -3.624 -2.860
0.945 -3.580 -2.666
0.970 -3.446 -2.471
0.995 -3.335 -2.277
1.020 -3.136 -2.058
1.045 -2.980 -1.670
1.070 -2.825 -1.329
1.095 -2.603 -0.965
1.120 -2.381 -0.600
1.145 -2.114 -0.163
1.170 -1.826 0.299
1.195 -1.604 0.712
1.220 -1.382 1.149
1.245 -1.093 1.684
1.270 -0.827 2.073
1.295 -0.538 2.583
1.320 -0.316 3.045
1.345 -0.072 3.482
1.370 0.217 3.895
1.395 0.416 4.308
1.420 0.594 4.624
1.445 0.794 5.013
1.470 1.060 5.329
1.495 1.216 5.693
1.520 1.349 5.985
1.545 1.415 6.155
1.570 1.549 6.349
1.595 1.593 6.422
1.620 1.637 6.495
1.645 1.660 6.568
1.670 1.704 6.544
1.695 1.637 6.519
1.720 1.593 6.349
1.745 1.504 6.252
1.770 1.415 6.082
1.795 1.260 5.863
1.820 1.127 5.596
1.845 0.905 5.280
1.870 0.705 4.964
1.895 0.505 4.624
1.920 0.305 4.211
1.945 0.039 3.798
1.970 -0.227 3.312
1.995 -0.427 2.923
2.020 -0.716 2.486
2.045 -0.982 1.951
2.070 -1.226 1.489
2.095 -1.471 1.028
2.120 -1.759 0.590
2.145 -2.026 0.129
2.170 -2.270 -0.357
2.195 -2.470 -0.770
2.220 -2.692 -1.135
2.245 -2.891 -1.524
2.270 -3.047 -1.815
2.295 -3.247 -2.156
2.320 -3.313 -2.374
2.345 -3.513 -2.496
2.370 -3.580 -2.763
2.395 -3.668 -2.860
2.420 -3.668 -2.958
2.445 -3.713 -2.982
2.470 -3.735 -3.030
2.495 -3.713 -2.982
2.520 -3.624 -2.909
2.545 -3.557 -2.787
2.570 -3.513 -2.617
2.595 -3.402 -2.350
2.620 -3.224 -2.083
2.645 -3.025 -1.815
2.670 -2.914 -1.499
2.695 -2.692 -1.062
2.720 -2.492 -0.698
2.745 -2.270 -0.284
2.770 -2.048 0.153
2.795 -1.804 0.663
2.820 -1.515 1.028
2.845 -1.315 1.514
2.870 -0.960 1.975
2.895 -0.782 2.437
2.920 -0.494 2.923
2.945 -0.250 3.336
2.970 0.039 3.774
2.995 0.261 4.187
3.020 0.483 4.551
3.045 0.683 4.916
3.070 0.883 5.256
3.095 1.060 5.596
3.120 1.216 5.863
3.145 1.371 6.034
3.170 1.482 6.204
3.195 1.571 6.398
3.220 1.637 6.471
3.245 1.682 6.568
3.270 1.660 6.519
3.295 1.682 6.495
3.320 1.593 6.422
3.345 1.526 6.276
3.370 1.460 6.058
3.395 1.371 5.815
3.420 1.238 5.620
3.445 1.060 5.353
3.470 0.883 4.964
3.495 0.705 4.673
3.520 0.461 4.284
3.545 0.217 3.871
3.570 -0.028 3.458
3.595 -0.250 2.996
3.620 -0.516 2.534
3.645 -0.782 2.097
3.670 -1.027 1.659
3.695 -1.315 1.173
3.720 -1.537 0.736
3.745 -1.781 0.274
3.770 -2.070 -0.163
3.795 -2.336 -0.552
3.820 -2.514 -0.989
3.845 -2.758 -1.329
3.870 -2.914 -1.645
3.895 -3.136 -1.937
3.920 -3.269 -2.204
3.945 -3.424 -2.399
3.970 -3.491 -2.617
3.995 -3.602 -2.787
4.020 -3.691 -2.860
4.045 -3.757 -2.860
4.070 -3.691 -2.958
4.095 -3.713 -2.909
4.120 -3.691 -2.836
4.145 -3.691 -2.739
4.170 -3.580 -2.593
4.195 -3.491 -2.350
4.220 -3.335 -2.107
4.245 -3.224 -1.840
4.270 -3.047 -1.475
4.295 -2.847 -1.135
4.320 -2.625 -0.746
4.345 -2.381 -0.357
4.370 -2.203 0.056
4.395 -1.981 0.445
4.420 -1.670 0.882
4.445 -1.404 1.368
4.470 -1.182 1.805
4.495 -0.893 2.218
4.520 -0.627 2.680
4.545 -0.405 3.142
4.570 -0.116 3.579
4.595 0.172 4.041
4.620 0.394 4.405
4.645 0.572 4.697
4.670 0.794 5.086
4.695 0.994 5.377
4.720 1.216 5.620
4.745 1.327 5.888
4.770 1.482 6.106
4.795 1.615 6.228
4.820 1.682 6.301
4.845 1.748 6.398
4.870 1.771 6.447
4.895 1.748 6.422
4.920 1.726 6.349
4.945 1.682 6.204
4.970 1.593 6.034
4.995 1.526 5.863
5.020 1.327 5.645
5.045 1.149 5.377
5.070 0.994 5.061
5.095 0.838 4.746
5.120 0.661 4.405
5.145 0.416 4.017
5.170 0.172 3.579
5.195 -0.094 3.190
5.220 -0.361 2.753
5.245 -0.671 2.340
5.270 -0.871 1.902
5.295 -1.182 1.392
5.320 -1.426 0.979
5.345 -1.715 0.517
5.370 -1.937 0.056
5.395 -2.225 -0.309
5.420 -2.492 -0.698
5.445 -2.669 -1.062
5.470 -2.869 -1.475
5.495 -3.113 -1.742
5.520 -3.291 -2.010
5.545 -3.424 -2.228
5.570 -3.535 -2.374
5.595 -3.624 -2.569
5.620 -3.757 -2.739
5.645 -3.779 -2.787
5.670 -3.824 -2.836
5.695 -3.824 -2.812
5.720 -3.779 -2.739
5.745 -3.802 -2.642
5.770 -3.668 -2.544
5.795 -3.557 -2.350
5.820 -3.424 -2.131
5.845 -3.291 -1.840
5.870 -3.136 -1.597
5.895 -3.002 -1.281
5.920 -2.736 -0.941
5.945 -2.536 -0.552
5.970 -2.292 -0.187
5.995 -2.026 0.250
6.020 -1.781 0.663
6.045 -1.559 1.076
6.070 -1.271 1.514
6.095 -0.982 2.000
6.120 -0.694 2.389
6.145 -0.427 2.850
6.170 -0.183 3.312
6.195 0.061 3.701
6.220 0.305 4.090
6.245 0.550 4.430
6.270 0.749 4.770
6.295 0.994 5.110
6.320 1.149 5.377
6.345 1.260 5.596
6.370 1.482 5.863
6.395 1.615 6.058
6.420 1.682 6.155
6.445 1.748 6.228
6.470 1.748 6.301
6.495 1.748 6.301
6.520 1.726 6.228
6.545 1.682 6.155
6.570 1.593 6.082
6.595 1.526 5.912
6.620 1.415 5.742
6.645 1.304 5.499
6.670 1.105 5.183
6.695 0.883 4.916
6.720 0.705 4.575
6.745 0.416 4.211
6.770 0.194 3.822
6.795 -0.028 3.458
6.820 -0.272 3.020
6.845 -0.516 2.631
6.870 -0.827 2.218
6.895 -1.115 1.757
6.920 -1.426 1.319
6.945 -1.648 0.858
6.970 -1.915 0.445
6.995 -2.203 -0.017
7.020 -2.381 -0.430
7.045 -2.603 -0.770
7.070 -2.869 -1.135
7.095 -3.091 -1.475
7.120 -3.247 -1.718
7.145 -3.380 -2.010
7.170 -3.491 -2.228
7.195 -3.624 -2.374
7.220 -3.735 -2.593
7.245 -3.757 -2.739
7.270 -3.824 -2.763
7.295 -3.824 -2.787
7.320 -3.824 -2.739
7.345 -3.757 -2.642
7.370 -3.691 -2.593
7.395 -3.580 -2.496
7.420 -3.446 -2.253
7.445 -3.358 -2.058
7.470 -3.158 -1.767
7.495 -3.025 -1.524
7.520 -2.780 -1.135
7.545 -2.581 -0.819
7.570 -2.381 -0.430
7.595 -2.114 -0.090
7.620 -1.892 0.347
7.645 -1.559 0.785
7.670 -1.337 1.198
7.695 -1.093 1.659
7.720 -0.805 2.048
7.745 -0.583 2.510
7.770 -0.316 2.972
7.795 0.017 3.361
7.820 0.217 3.798
7.845 0.483 4.187
7.870 0.683 4.551
7.895 0.905 4.843
7.920 1.082 5.159
7.945 1.216 5.450
7.970 1.393 5.766
7.995 1.526 5.888
8.020 1.637 6.058
8.045 1.682 6.155
8.070 1.726 6.276
8.095 1.704 6.276
8.120 1.748 6.325
8.145 1.660 6.325
8.170 1.615 6.179
8.195 1.504 6.058
8.220 1.371 5.936
8.245 1.260 5.742
8.270 1.060 5.426
8.295 0.927 5.159
8.320 0.705 4.843
8.345 0.483 4.503
8.370 0.283 4.138
8.395 -0.005 3.774
8.420 -0.250 3.336
8.445 -0.538 2.899
8.470 -0.738 2.486
8.495 -1.049 2.048
8.520 -1.293 1.611
8.545 -1.537 1.149
8.570 -1.826 0.736
8.595 -2.026 0.299
8.620 -2.292 -0.139
8.645 -2.492 -0.552
8.670 -2.736 -0.941
8.695 -2.869 -1.281
8.720 -3.136 -1.572
8.745 -3.313 -1.937
8.770 -3.424 -2.180
8.795 -3.491 -2.326
8.820 -3.646 -2.544
8.845 -3.735 -2.714
8.870 -3.757 -2.787
8.895 -3.713 -2.860
8.920 -3.757 -2.836
8.945 -3.691 -2.787
8.970 -3.646 -2.714
8.995 -3.580 -2.642
9.020 -3.513 -2.423
9.045 -3.358 -2.277
9.070 -3.202 -2.034
9.095 -3.025 -1.694
9.120 -2.825 -1.402
9.145 -2.625 -1.086
9.170 -2.403 -0.722
9.195 -2.181 -0.357
9.220 -1.915 0.031
9.245 -1.715 0.469
9.270 -1.426 0.930
9.295 -1.182 1.392
9.320 -0.938 1.878
9.345 -0.671 2.316
9.370 -0.449 2.729
9.395 -0.116 3.190
9.420 0.083 3.603
9.445 0.328 4.041
9.470 0.550 4.430
9.495 0.749 4.746
9.520 0.905 5.061
9.545 1.082 5.377
9.570 1.193 5.620
9.595 1.415 5.863
9.620 1.504 6.082
9.645 1.637 6.155
9.670 1.637 6.301
9.695 1.704 6.422
9.720 1.660 6.471
9.745 1.593 6.374
9.770 1.571 6.301
9.795 1.504 6.228
9.820 1.371 6.082
9.845 1.304 5.839
9.870 1.105 5.620
9.895 0.949 5.377
9.920 0.749 5.086
9.945 0.594 4.770
9.970 0.305 4.381
9.995 0.083 3.968
10.020 -0.183 3.603
10.045 -0.383 3.142
10.070 -0.649 2.704
10.095 -0.916 2.243
10.120 -1.093 1.781
10.145 -1.426 1.344
10.170 -1.670 0.833
10.195 -1.937 0.420
10.220 -2.114 0.007
10.245 -2.359 -0.406
10.270 -2.647 -0.795
10.295 -2.780 -1.208
10.320 -3.002 -1.524
10.345 -3.136 -1.815
10.370 -3.335 -2.083
10.395 -3.424 -2.326
10.420 -3.535 -2.593
10.445 -3.580 -2.739
10.470 -3.624 -2.812
10.495 -3.668 -2.885
10.520 -3.646 -2.909
10.545 -3.646 -2.909
10.570 -3.646 -2.836
10.595 -3.580 -2.739
10.620 -3.469 -2.593
10.645 -3.380 -2.447
10.670 -3.224 -2.204
10.695 -3.069 -1.888
10.720 -2.958 -1.621
10.745 -2.736 -1.305
10.770 -2.514 -0.868
10.795 -2.314 -0.479
10.820 -2.070 -0.066
10.845 -1.826 0.323
10.870 -1.582 0.785
10.895 -1.315 1.246
10.920 -1.049 1.757
10.945 -0.805 2.170
10.970 -0.538 2.559
10.995 -0.250 3.045
11.020 -0.094 3.482
11.045 0.172 3.919
11.070 0.372 4.332
11.095 0.594 4.673
11.120 0.794 5.013
11.145 0.994 5.377
11.170 1.127 5.596
11.195 1.304 5.839
11.220 1.393 6.082
11.245 1.460 6.204
11.270 1.504 6.325
11.295 1.571 6.422
11.320 1.593 6.519
11.345 1.615 6.447
11.370 1.593 6.398
11.395 1.549 6.325
11.420 1.415 6.204
11.445 1.260 6.009
11.470 1.149 5.742
11.495 1.038 5.475
11.520 0.883 5.207
11.545 0.661 4.843
11.570 0.439 4.478
11.595 0.283 4.090
11.620 0.017 3.701
11.645 -0.205 3.288
11.670 -0.427 2.826
11.695 -0.694 2.389
11.720 -0.960 1.927
11.745 -1.249 1.465
11.770 -1.471 1.003
11.795 -1.693 0.542
11.820 -1.915 0.153
11.845 -2.181 -0.284
11.870 -2.425 -0.698
11.895 -2.603 -1.086
11.920 -2.825 -1.475
11.945 -2.958 -1.791
11.970 -3.158 -2.107
11.995 -3.224 -2.301
12.020 -3.402 -2.471
12.045 -3.513 -2.642
12.070 -3.580 -2.812
12.095 -3.646 -2.836
12.120 -3.668 -2.933
12.145 -3.624 -2.982
12.170 -3.646 -2.860
12.195 -3.602 -2.836
12.220 -3.535 -2.642
12.245 -3.424 -2.399
12.270 -3.380 -2.204
12.295 -3.202 -1.961
12.320 -3.069 -1.645
12.345 -2.847 -1.354
12.370 -2.647 -0.916
12.395 -2.425 -0.552
12.420 -2.270 -0.187
12.445 -2.003 0.226
12.470 -1.804 0.639
12.495 -1.493 1.101
12.520 -1.249 1.538
12.545 -0.982 2.000
12.570 -0.805 2.510
12.595 -0.538 2.947
12.620 -0.272 3.385
12.645 -0.028 3.749
12.670 0.239 4.138
12.695 0.439 4.551
12.720 0.661 4.916
12.745 0.883 5.256
12.770 1.038 5.523
12.795 1.216 5.790
12.820 1.282 5.961
12.845 1.393 6.155
12.870 1.549 6.276
12.895 1.637 6.374
12.920 1.593 6.349
12.945 1.615 6.398
12.970 1.660 6.349
12.995 1.593 6.228
13.020 1.460 6.131
13.045 1.415 5.961
13.070 1.282 5.718
13.095 1.193 5.499
13.120 1.038 5.232
13.145 0.883 4.916
13.170 0.661 4.551
13.195 0.439 4.187
13.220 0.172 3.798
13.245 -0.072 3.361
13.270 -0.316 2.947
13.295 -0.472 2.510
13.320 -0.805 2.121
13.345 -1.049 1.611
13.370 -1.293 1.198
13.395 -1.582 0.712
13.420 -1.848 0.274
13.445 -2.048 -0.187
13.470 -2.314 -0.552
13.495 -2.492 -0.892
13.520 -2.714 -1.256
13.545 -2.914 -1.597
13.570 -3.113 -1.888
13.595 -3.269 -2.131
13.620 -3.424 -2.374
13.645 -3.469 -2.544
13.670 -3.602 -2.690
13.695 -3.624 -2.787
13.720 -3.691 -2.787
13.745 -3.779 -2.763
13.770 -3.691 -2.763
13.795 -3.668 -2.690
13.820 -3.646 -2.569
13.845 -3.557 -2.447
13.870 -3.446 -2.180
13.895 -3.313 -1.937
13.920 -3.180 -1.694
13.945 -3.025 -1.378
13.970 -2.825 -1.038
13.995 -2.581 -0.673
14.020 -2.381 -0.236
14.045 -2.137 0.104
14.070 -1.915 0.566
14.095 -1.648 1.003
14.120 -1.426 1.441
14.145 -1.115 1.878
14.170 -0.871 2.267
14.195 -0.583 2.729
14.220 -0.294 3.117
14.245 -0.094 3.531
14.270 0.128 3.944
14.295 0.372 4.308
14.320 0.572 4.673
14.345 0.749 4.964
14.370 0.927 5.329
14.395 1.105 5.523
14.420 1.282 5.742
14.445 1.460 5.961
14.470 1.526 6.106
14.495 1.593 6.228
14.520 1.637 6.252
14.545 1.682 6.276
14.570 1.682 6.204
14.595 1.660 6.179
14.620 1.593 6.082
14.645 1.482 5.961
14.670 1.415 5.766
14.695 1.282 5.499
14.720 1.149 5.280
14.745 0.971 4.989
14.770 0.727 4.648
14.795 0.550 4.332
14.820 0.328 3.992
14.845 0.106 3.579
14.870 -0.139 3.142
14.895 -0.383 2.704
14.920 -0.649 2.316
14.945 -0.893 1.854
14.970 -1.226 1.416
14.995 -1.471 1.003
15.020 -1.737 0.542
15.045 -2.003 0.129
15.070 -2.248 -0.260
15.095 -2.514 -0.625
15.120 -2.669 -1.038
15.145 -2.869 -1.305
15.170 -3.069 -1.621
15.195 -3.247 -1.888
15.220 -3.358 -2.131
15.245 -3.491 -2.374
15.270 -3.646 -2.471
15.295 -3.691 -2.642
15.320 -3.757 -2.714
15.345 -3.779 -2.763
15.370 -3.779 -2.690
15.395 -3.735 -2.642
15.420 -3.646 -2.520
15.445 -3.580 -2.399
15.470 -3.535 -2.253
15.495 -3.424 -2.058
15.520 -3.247 -1.864
15.545 -3.091 -1.548
15.570 -2.869 -1.184
15.595 -2.736 -0.843
15.620 -2.492 -0.503
15.645 -2.270 -0.139
15.670 -2.026 0.274
15.695 -1.759 0.663
15.720 -1.515 1.125
15.745 -1.226 1.587
15.770 -0.960 2.000
15.795 -0.694 2.461
15.820 -0.383 2.850
15.845 -0.139 3.239
15.870 0.061 3.652
15.895 0.283 4.017
15.920 0.527 4.381
15.945 0.772 4.721
15.970 0.949 5.013
15.995 1.149 5.280
16.020 1.282 5.523
16.045 1.415 5.790
16.070 1.504 5.961
16.095 1.593 6.058
16.120 1.682 6.155
16.145 1.748 6.228
16.170 1.726 6.204
16.195 1.682 6.179
16.220 1.637 6.034
16.245 1.593 5.961
16.270 1.415 5.815
16.295 1.349 5.620
16.320 1.193 5.377
16.345 1.060 5.134
16.370 0.816 4.843
16.395 0.572 4.527
16.420 0.372 4.260
16.445 0.172 3.798
16.470 -0.050 3.433
16.495 -0.338 3.020
16.520 -0.583 2.583
16.545 -0.893 2.145
16.570 -1.182 1.708
16.595 -1.382 1.295
16.620 -1.648 0.858
16.645 -1.959 0.493
16.670 -2.181 0.056
16.695 -2.381 -0.333
16.720 -2.669 -0.722
16.745 -2.869 -1.062
16.770 -3.047 -1.354
16.795 -3.202 -1.645
16.820 -3.335 -1.937
16.845 -3.402 -2.180
16.870 -3.580 -2.374
16.895 -3.624 -2.471
16.920 -3.713 -2.642
16.945 -3.713 -2.690
16.970 -3.735 -2.739
16.995 -3.713 -2.714
17.020 -3.668 -2.617
17.045 -3.602 -2.496
17.070 -3.535 -2.399
17.095 -3.446 -2.204
17.120 -3.269 -1.937
17.145 -3.136 -1.694
17.170 -2.958 -1.451
17.195 -2.758 -1.135
17.220 -2.514 -0.746
17.245 -2.314 -0.406
17.270 -2.026 -0.017
17.295 -1.759 0.420
17.320 -1.559 0.809
17.345 -1.315 1.222
17.370 -1.004 1.684
17.395 -0.738 2.097
17.420 -0.472 2.510
17.445 -0.294 2.947
17.470 0.039 3.361
17.495 0.283 3.749
17.520 0.483 4.138
17.545 0.705 4.478
17.570 0.860 4.843
17.595 1.060 5.159
17.620 1.238 5.377
17.645 1.327 5.596
17.670 1.504 5.815
17.695 1.549 6.009
17.720 1.637 6.155
17.745 1.660 6.276
17.770 1.682 6.276
17.795 1.660 6.276
17.820 1.637 6.204
17.845 1.571 6.131
17.870 1.482 5.961
17.895 1.371 5.839
17.920 1.193 5.596
17.945 1.038 5.304
17.970 0.860 5.061
17.995 0.683 4.794
18.020 0.439 4.454
18.045 0.194 4.138
18.070 -0.005 3.701
18.095 -0.250 3.239
18.120 -0.494 2.850
18.145 -0.805 2.437
18.170 -1.027 2.048
18.195 -1.271 1.562
18.220 -1.537 1.101
18.245 -1.870 0.663
18.270 -2.070 0.250
18.295 -2.314 -0.114
18.320 -2.536 -0.527
18.345 -2.736 -0.868
18.370 -2.936 -1.256
18.395 -3.091 -1.499
18.420 -3.224 -1.840
18.445 -3.380 -2.107
18.470 -3.469 -2.326
18.495 -3.580 -2.520
18.520 -3.602 -2.642
18.545 -3.668 -2.763
18.570 -3.668 -2.812
18.595 -3.602 -2.763
18.620 -3.624 -2.739
18.645 -3.557 -2.666
18.670 -3.513 -2.569
18.695 -3.380 -2.399
18.720 -3.291 -2.180
18.745 -3.113 -1.888
18.770 -2.936 -1.645
18.795 -2.758 -1.354
18.820 -2.558 -0.989
18.845 -2.381 -0.649
18.870 -2.181 -0.260
18.895 -1.870 0.153
18.920 -1.604 0.590
18.945 -1.360 0.979
18.970 -1.138 1.416
18.995 -0.849 1.902
19.020 -0.583 2.340
19.045 -0.383 2.802
19.070 -0.094 3.215
19.095 0.172 3.628
19.120 0.328 4.041
19.145 0.550 4.405
19.170 0.749 4.721
19.195 0.905 5.086
19.220 1.060 5.402
19.245 1.193 5.645
19.270 1.349 5.839
19.295 1.438 6.034
19.320 1.504 6.155
19.345 1.571 6.276
19.370 1.615 6.349
19.395 1.593 6.398
19.420 1.526 6.301
19.445 1.526 6.228
19.470 1.438 6.082
19.495 1.349 5.985
19.520 1.216 5.766
19.545 1.038 5.547
19.570 0.838 5.232
19.595 0.683 4.964
19.620 0.505 4.624
19.645 0.283 4.260
19.670 0.039 3.919
19.695 -0.139 3.531
19.720 -0.361 3.069
19.745 -0.671 2.607
19.770 -0.871 2.145
19.795 -1.160 1.757
19.820 -1.404 1.271
19.845 -1.648 0.809
19.870 -1.892 0.396
19.895 -2.137 -0.017
19.920 -2.359 -0.406
19.945 -2.581 -0.819
19.970 -2.803 -1.208
19.995 -2.936 -1.499
20.020 -3.113 -1.791
20.045 -3.224 -2.083
20.070 -3.313 -2.326
20.095 -3.446 -2.496
20.120 -3.557 -2.617
20.145 -3.602 -2.763
20.170 -3.646 -2.812
20.195 -3.691 -2.836
20.220 -3.624 -2.812
20.245 -3.557 -2.763
20.270 -3.446 -2.642
20.295 -3.358 -2.496
20.320 -3.335 -2.277
20.345 -3.180 -2.058
20.370 -3.047 -1.767
20.395 -2.891 -1.451
20.420 -2.669 -1.184
20.445 -2.470 -0.819
20.470 -2.248 -0.430
20.495 -2.048 0.007
20.520 -1.759 0.420
20.545 -1.582 0.906
20.570 -1.293 1.319
20.595 -1.071 1.732
20.620 -0.782 2.170
20.645 -0.583 2.656
20.670 -0.383 3.093
20.695 -0.094 3.506
20.720 0.128 3.895
20.745 0.350 4.381
20.770 0.594 4.697
20.795 0.727 5.037
20.820 0.971 5.304
20.845 1.149 5.572
20.870 1.216 5.839
20.895 1.304 5.985
20.920 1.415 6.155
20.945 1.526 6.252
20.970 1.526 6.374
20.995 1.549 6.422
21.020 1.526 6.374
21.045 1.504 6.228
21.070 1.393 6.179
21.095 1.349 6.082
21.120 1.238 5.863
21.145 1.105 5.596
21.170 0.971 5.353
21.195 0.838 5.086
21.220 0.683 4.746
21.245 0.483 4.381
21.270 0.239 3.992
21.295 0.039 3.579
21.320 -0.272 3.190
21.345 -0.472 2.753
21.370 -0.694 2.267
21.395 -1.049 1.854
21.420 -1.271 1.416
21.445 -1.493 0.979
21.470 -1.715 0.566
21.495 -2.003 0.080
21.520 -2.159 -0.333
21.545 -2.425 -0.746
21.570 -2.603 -1.135
21.595 -2.780 -1.427
21.620 -2.958 -1.742
21.645 -3.180 -2.034
21.670 -3.269 -2.253
21.695 -3.358 -2.447
21.720 -3.469 -2.593
21.745 -3.535 -2.690
21.770 -3.557 -2.812
21.795 -3.580 -2.812
21.820 -3.646 -2.812
21.845 -3.624 -2.739
21.870 -3.513 -2.642
21.895 -3.446 -2.520
21.920 -3.380 -2.301
21.945 -3.269 -2.058
21.970 -3.158 -1.815
21.995 -3.002 -1.548
22.020 -2.825 -1.208
22.045 -2.625 -0.819
22.070 -2.403 -0.479
22.095 -2.225 -0.090
22.120 -2.003 0.274
22.145 -1.693 0.760
22.170 -1.582 1.173
22.195 -1.293 1.635
22.220 -1.027 2.024
22.245 -0.760 2.486
22.270 -0.449 2.947
22.295 -0.250 3.385
22.320 -0.005 3.798
22.345 0.261 4.187
22.370 0.461 4.527
22.395 0.638 4.891
22.420 0.838 5.183
22.445 1.016 5.402
22.470 1.193 5.669
22.495 1.349 5.936
22.520 1.371 6.034
22.545 1.504 6.179
22.570 1.549 6.228
22.595 1.526 6.301
22.620 1.593 6.252
22.645 1.549 6.179
22.670 1.526 6.131
22.695 1.504 6.009
22.720 1.415 5.815
22.745 1.260 5.620
22.770 1.149 5.353
22.795 0.905 5.061
22.820 0.772 4.794
22.845 0.594 4.503
22.870 0.350 4.138
22.895 0.150 3.701
22.920 -0.028 3.336
22.945 -0.338 2.899
22.970 -0.560 2.486
22.995 -0.805 2.024
23.020 -1.093 1.514
23.045 -1.337 1.173
23.070 -1.648 0.736
23.095 -1.804 0.347
23.120 -2.026 -0.090
23.145 -2.336 -0.503
23.170 -2.514 -0.868
23.195 -2.736 -1.208
23.220 -2.891 -1.548
23.245 -3.113 -1.767
23.270 -3.224 -2.010
23.295 -3.380 -2.228
23.320 -3.446 -2.399
23.345 -3.557 -2.520
23.370 -3.624 -2.642
23.395 -3.646 -2.714
23.420 -3.646 -2.690
23.445 -3.668 -2.666
23.470 -3.624 -2.593
23.495 -3.557 -2.423
23.520 -3.469 -2.277
23.545 -3.424 -2.131
23.570 -3.247 -1.815
23.595 -3.091 -1.572
23.620 -2.914 -1.256
23.645 -2.758 -0.965
23.670 -2.536 -0.576
23.695 -2.336 -0.187
23.720 -2.092 0.177
23.745 -1.826 0.590
23.770 -1.582 1.003
23.795 -1.404 1.465
23.820 -1.093 1.902
23.845 -0.871 2.316
23.870 -0.583 2.704
23.895 -0.294 3.166
23.920 -0.072 3.555
23.945 0.172 3.871
23.970 0.350 4.235
23.995 0.527 4.600
24.020 0.794 4.916
24.045 0.971 5.207
24.070 1.127 5.450
24.095 1.282 5.693
24.120 1.393 5.790
24.145 1.482 5.985
24.170 1.637 6.058
24.195 1.571 6.155
24.220 1.660 6.155
24.245 1.615 6.131
24.270 1.615 6.034
24.295 1.549 5.961
24.320 1.460 5.815
24.345 1.393 5.645
24.370 1.238 5.426
24.395 1.016 5.134
24.420 0.883 4.867
24.445 0.705 4.575
24.470 0.527 4.235
24.495 0.261 3.846
24.520 -0.005 3.433
24.545 -0.183 3.093
24.570 -0.427 2.680
24.595 -0.738 2.218
24.620 -1.027 1.830
24.645 -1.249 1.441
24.670 -1.515 0.979
24.695 -1.759 0.566
24.720 -1.937 0.153
24.745 -2.248 -0.236
24.770 -2.447 -0.625
24.795 -2.647 -0.965
24.820 -2.891 -1.256
24.845 -3.047 -1.572
24.870 -3.180 -1.864
24.895 -3.358 -2.058
24.920 -3.469 -2.228
24.945 -3.580 -2.374
24.970 -3.668 -2.447
24.995 -3.691 -2.569
25.020 -3.691 -2.593
25.045 -3.646 -2.544
25.070 -3.668 -2.520
25.095 -3.624 -2.423
25.120 -3.557 -2.301
25.145 -3.469 -2.156
25.170 -3.313 -1.961
25.195 -3.247 -1.718
25.220 -3.069 -1.402
25.245 -2.891 -1.111
25.270 -2.692 -0.795
25.295 -2.447 -0.430
25.320 -2.203 -0.017
25.345 -1.959 0.347
25.370 -1.693 0.736
25.395 -1.471 1.149
25.420 -1.204 1.562
25.445 -0.916 1.975
25.470 -0.694 2.389
25.495 -0.405 2.826
25.520 -0.161 3.312
25.545 0.106 3.603
25.570 0.350 3.992
25.595 0.550 4.332
25.620 0.794 4.648
25.645 0.905 4.964
25.670 1.127 5.256
25.695 1.238 5.450
25.720 1.349 5.693
25.745 1.526 5.839
25.770 1.571 5.912
25.795 1.593 5.985
25.820 1.637 6.155
25.845 1.660 6.106
25.870 1.615 6.058
25.895 1.593 6.034
25.920 1.504 5.912
25.945 1.371 5.742
25.970 1.238 5.596
25.995 1.082 5.329
26.020 0.971 5.061
26.045 0.727 4.794
26.070 0.594 4.454
26.095 0.305 4.138
26.120 0.106 3.798
26.145 -0.161 3.409
26.170 -0.449 3.020
26.195 -0.649 2.607
26.220 -0.871 2.097
26.245 -1.160 1.708
26.270 -1.426 1.271
26.295 -1.670 0.906
26.320 -1.915 0.493
26.345 -2.181 0.080
26.370 -2.381 -0.333
26.395 -2.625 -0.625
26.420 -2.825 -1.013
26.445 -3.025 -1.329
26.470 -3.158 -1.597
26.495 -3.313 -1.864
26.520 -3.424 -2.083
26.545 -3.491 -2.277
26.570 -3.602 -2.447
26.595 -3.691 -2.544
26.620 -3.713 -2.544
26.645 -3.691 -2.593
26.670 -3.624 -2.593
26.695 -3.602 -2.520
26.720 -3.557 -2.423
26.745 -3.446 -2.277
26.770 -3.335 -2.131
26.795 -3.158 -1.937
26.820 -3.047 -1.645
26.845 -2.869 -1.378
26.870 -2.669 -1.038
26.895 -2.492 -0.649
26.920 -2.292 -0.382
26.945 -2.003 0.007
26.970 -1.759 0.420
26.995 -1.515 0.858
27.020 -1.271 1.295
27.045 -1.049 1.732
27.070 -0.738 2.145
27.095 -0.516 2.631
27.120 -0.227 2.996
27.145 0.017 3.409
27.170 0.261 3.749
27.195 0.439 4.138
27.220 0.638 4.527
27.245 0.838 4.818
27.270 1.038 5.134
27.295 1.171 5.377
27.320 1.282 5.645
27.345 1.415 5.790
27.370 1.460 5.888
27.395 1.549 6.034
27.420 1.615 6.155
27.445 1.593 6.179
27.470 1.571 6.155
27.495 1.526 6.106
27.520 1.504 6.058
27.545 1.349 5.912
27.570 1.238 5.718
27.595 1.038 5.572
27.620 0.949 5.329
27.645 0.749 5.013
27.670 0.616 4.721
27.695 0.394 4.430
27.720 0.150 4.041
27.745 -0.116 3.628
27.770 -0.338 3.239
27.795 -0.605 2.826
27.820 -0.871 2.364
27.845 -1.115 1.975
27.870 -1.315 1.538
27.895 -1.604 1.149
27.920 -1.848 0.712
27.945 -2.092 0.299
27.970 -2.292 -0.187
27.995 -2.470 -0.527
28.020 -2.692 -0.941
28.045 -2.869 -1.256
28.070 -3.025 -1.548
28.095 -3.180 -1.815
28.120 -3.313 -2.058
28.145 -3.424 -2.253
28.170 -3.491 -2.399
28.195 -3.535 -2.544
28.220 -3.602 -2.617
28.245 -3.624 -2.714
28.270 -3.602 -2.690
28.295 -3.580 -2.617
28.320 -3.491 -2.544
28.345 -3.402 -2.423
28.370 -3.313 -2.277
28.395 -3.202 -2.107
28.420 -3.025 -1.864
28.445 -2.891 -1.572
28.470 -2.714 -1.281
28.495 -2.470 -0.965
28.520 -2.359 -0.576
28.545 -2.114 -0.212
28.570 -1.892 0.177
28.595 -1.648 0.615
28.620 -1.382 1.028
28.645 -1.115 1.514
28.670 -0.871 1.902
28.695 -0.605 2.389
28.720 -0.361 2.777
28.745 -0.139 3.190
28.770 0.083 3.628
28.795 0.261 4.041
28.820 0.505 4.405
28.845 0.705 4.697
28.870 0.905 5.013
28.895 1.038 5.329
28.920 1.127 5.572
28.945 1.238 5.766
28.970 1.371 5.912
28.995 1.482 6.131
29.020 1.504 6.228
29.045 1.526 6.252
29.070 1.504 6.252
29.095 1.482 6.228
29.120 1.482 6.204
29.145 1.393 6.058
29.170 1.260 5.863
29.195 1.127 5.718
29.220 1.016 5.475
29.245 0.838 5.183
29.270 0.683 4.891
29.295 0.461 4.575
29.320 0.261 4.162
29.345 0.039 3.822
29.370 -0.183 3.433
29.395 -0.449 3.020
29.420 -0.694 2.583
29.445 -0.938 2.121
29.470 -1.160 1.684
29.495 -1.426 1.222
29.520 -1.626 0.809
29.545 -1.870 0.347
29.570 -2.092 -0.017
29.595 -2.292 -0.430
29.620 -2.514 -0.795
29.645 -2.692 -1.086
29.670 -2.869 -1.499
29.695 -3.002 -1.742
29.720 -3.180 -2.010
29.745 -3.269 -2.301
29.770 -3.424 -2.423
29.795 -3.446 -2.544
29.820 -3.535 -2.714
29.845 -3.535 -2.763
29.870 -3.535 -2.763
29.895 -3.557 -2.690
29.920 -3.469 -2.690
29.945 -3.469 -2.520
29.970 -3.402 -2.374
29.995 -3.269 -2.180
30.020 -3.113 -1.913
30.045 -2.958 -1.645
30.070 -2.847 -1.402
30.095 -2.692 -1.062
30.120 -2.425 -0.698
30.145 -2.248 -0.284
30.170 -2.026 0.129
30.195 -1.781 0.469
30.220 -1.559 0.955
30.245 -1.315 1.392
30.270 -1.071 1.805
30.295 -0.849 2.267
30.320 -0.583 2.729
30.345 -0.338 3.166
30.370 -0.050 3.531
30.395 0.128 3.968
30.420 0.328 4.284
30.445 0.483 4.600
30.470 0.683 4.940
30.495 0.883 5.304
30.520 0.971 5.547
30.545 1.149 5.742
30.570 1.304 5.888
30.595 1.327 6.034
30.620 1.415 6.179
30.645 1.460 6.228
30.670 1.504 6.276
30.695 1.504 6.252
30.720 1.438 6.155
30.745 1.371 6.082
30.770 1.327 5.888
30.795 1.216 5.742
30.820 1.038 5.499
30.845 0.949 5.232
30.870 0.772 4.964
30.895 0.594 4.624
30.920 0.394 4.308
30.945 0.194 3.871
30.970 -0.005 3.506
30.995 -0.250 3.093
31.020 -0.494 2.631
31.045 -0.782 2.218
31.070 -0.982 1.805
31.095 -1.226 1.368
31.120 -1.471 0.906
31.145 -1.737 0.493
31.170 -1.937 0.080
31.195 -2.181 -0.309
31.220 -2.381 -0.722
31.245 -2.603 -1.111
31.270 -2.780 -1.402
31.295 -2.958 -1.645
31.320 -3.113 -1.913
31.345 -3.202 -2.156
31.370 -3.335 -2.326
31.395 -3.424 -2.471
31.420 -3.469 -2.593
31.445 -3.513 -2.642
31.470 -3.535 -2.690
31.495 -3.580 -2.666
31.520 -3.557 -2.617
31.545 -3.513 -2.520
31.570 -3.380 -2.350
31.595 -3.313 -2.156
31.620 -3.180 -1.961
31.645 -3.113 -1.718
31.670 -2.980 -1.402
31.695 -2.847 -1.086
31.720 -2.625 -0.770
31.745 -2.403 -0.382
31.770 -2.159 -0.017
31.795 -1.959 0.420
31.820 -1.737 0.833
31.845 -1.493 1.222
31.870 -1.204 1.684
31.895 -1.004 2.145
31.920 -0.716 2.534
31.945 -0.472 2.996
31.970 -0.250 3.336
31.995 -0.005 3.774
32.020 0.217 4.138
32.045 0.439 4.478
32.070 0.616 4.794
32.095 0.816 5.110
32.120 1.016 5.377
32.145 1.127 5.620
32.170 1.260 5.742
32.195 1.371 5.936
32.220 1.438 6.058
32.245 1.504 6.131
32.270 1.549 6.155
32.295 1.526 6.131
32.320 1.549 6.058
32.345 1.482 6.009
32.370 1.393 5.815
32.395 1.349 5.645
32.420 1.193 5.450
32.445 1.038 5.280
32.470 0.883 4.989
32.495 0.727 4.673
32.520 0.572 4.381
32.545 0.372 4.017
32.570 0.083 3.603
32.595 -0.139 3.239
32.620 -0.361 2.802
32.645 -0.627 2.413
32.670 -0.849 2.024
32.695 -1.093 1.562
32.720 -1.337 1.076
32.745 -1.582 0.687
32.770 -1.826 0.274
32.795 -2.070 -0.114
32.820 -2.314 -0.503
32.845 -2.558 -0.819
32.870 -2.669 -1.135
32.895 -2.825 -1.427
32.920 -3.113 -1.694
32.945 -3.158 -1.913
32.970 -3.335 -2.107
32.995 -3.469 -2.253
33.020 -3.513 -2.399
33.045 -3.580 -2.520
33.070 -3.602 -2.544
33.095 -3.624 -2.520
33.120 -3.624 -2.520
33.145 -3.557 -2.399
33.170 -3.535 -2.301
33.195 -3.469 -2.156
33.220 -3.335 -1.961
33.245 -3.247 -1.742
33.270 -3.069 -1.475
33.295 -2.847 -1.159
33.320 -2.692 -0.843
33.345 -2.492 -0.503
33.370 -2.270 -0.114
33.395 -2.092 0.250
33.420 -1.870 0.615
33.445 -1.604 1.028
33.470 -1.382 1.489
33.495 -1.115 1.878
33.520 -0.893 2.316
33.545 -0.583 2.753
33.570 -0.338 3.142
33.595 -0.094 3.482
33.620 0.172 3.871
33.645 0.372 4.235
33.670 0.638 4.503
33.695 0.772 4.867
33.720 0.994 5.159
33.745 1.127 5.377
33.770 1.171 5.547
33.795 1.371 5.718
33.820 1.460 5.888
33.845 1.549 6.009
33.870 1.593 6.009
33.895 1.571 6.058
33.920 1.549 5.985
33.945 1.482 5.985
33.970 1.438 5.863
33.995 1.371 5.693
34.020 1.304 5.523
34.045 1.171 5.280
34.070 1.060 5.037
34.095 0.838 4.794
34.120 0.661 4.527
34.145 0.416 4.187
34.170 0.217 3.798
34.195 -0.050 3.458
34.220 -0.272 3.045
34.245 -0.494 2.656
34.270 -0.738 2.194
34.295 -1.027 1.781
34.320 -1.271 1.392
34.345 -1.515 0.979
34.370 -1.759 0.590
34.395 -1.959 0.201
34.420 -2.203 -0.187
34.445 -2.470 -0.527
34.470 -2.625 -0.868
34.495 -2.847 -1.135
34.520 -3.025 -1.451
34.545 -3.180 -1.694
34.570 -3.335 -1.937
34.595 -3.402 -2.156
34.620 -3.491 -2.277
34.645 -3.624 -2.399
34.670 -3.624 -2.447
34.695 -3.624 -2.520
34.720 -3.646 -2.520
34.745 -3.602 -2.423
34.770 -3.557 -2.301
34.795 -3.469 -2.253
34.820 -3.402 -2.083
34.845 -3.291 -1.864
34.870 -3.113 -1.670
34.895 -2.936 -1.354
34.920 -2.780 -1.062
34.945 -2.581 -0.722
34.970 -2.336 -0.406
34.995 -2.203 -0.017
35.020 -1.959 0.372
35.045 -1.648 0.760
35.070 -1.404 1.125
35.095 -1.160 1.538
35.120 -0.916 2.000
35.145 -0.649 2.413
35.170 -0.361 2.826
35.195 -0.161 3.239
35.220 0.106 3.579
35.245 0.350 3.919
35.270 0.594 4.284
35.295 0.727 4.624
35.320 0.927 4.891
35.345 1.060 5.159
35.370 1.149 5.353
35.395 1.327 5.572
35.420 1.482 5.790
35.445 1.482 5.888
35.470 1.571 5.936
35.495 1.571 6.009
35.520 1.549 5.985
35.545 1.615 6.034
35.570 1.526 5.936
35.595 1.415 5.815
35.620 1.327 5.693
35.645 1.216 5.475
35.670 1.038 5.207
35.695 0.883 4.989
35.720 0.683 4.697
35.745 0.439 4.357
35.770 0.261 4.090
35.795 0.039 3.749
35.820 -0.205 3.385
35.845 -0.449 2.923
35.870 -0.649 2.510
35.895 -0.938 2.097
35.920 -1.204 1.684
35.945 -1.493 1.246
35.970 -1.715 0.858
35.995 -1.959 0.493
36.020 -2.181 0.080
36.045 -2.403 -0.333
36.070 -2.603 -0.673
36.095 -2.869 -1.038
36.120 -3.002 -1.329
36.145 -3.136 -1.597
36.170 -3.269 -1.864
36.195 -3.380 -2.034
36.220 -3.469 -2.204
36.245 -3.513 -2.399
36.270 -3.557 -2.471
36.295 -3.624 -2.520
36.320 -3.602 -2.520
36.345 -3.580 -2.520
36.370 -3.535 -2.471
36.395 -3.424 -2.326
36.420 -3.380 -2.204
36.445 -3.269 -2.010
36.470 -3.158 -1.791
36.495 -2.980 -1.548
36.520 -2.803 -1.281
36.545 -2.603 -0.989
36.570 -2.403 -0.649
36.595 -2.225 -0.260
36.620 -1.981 0.080
36.645 -1.715 0.445
36.670 -1.493 0.882
36.695 -1.271 1.271
36.720 -0.982 1.757
36.745 -0.694 2.145
36.770 -0.494 2.559
36.795 -0.250 2.947
36.820 -0.028 3.385
36.845 0.194 3.774
36.870 0.461 4.138
36.895 0.661 4.503
36.920 0.816 4.794
36.945 0.905 5.086
36.970 1.082 5.377
36.995 1.193 5.572
37.020 1.371 5.766
37.045 1.438 5.888
37.070 1.504 5.961
37.095 1.549 6.082
37.120 1.504 6.058
37.145 1.526 6.058
37.170 1.482 6.009
37.195 1.415 5.936
37.220 1.304 5.863
37.245 1.193 5.645
37.270 1.016 5.426
37.295 0.860 5.232
37.320 0.705 4.916
37.345 0.527 4.673
37.379 0.217 4.187
37.404 -0.005 3.798
37.429 -0.272 3.458
37.454 -0.494 3.045
37.479 -0.716 2.631
37.504 -0.916 2.218
37.529 -1.204 1.781
37.554 -1.448 1.319
37.579 -1.693 0.882
37.604 -1.892 0.469
37.629 -2.159 0.104
37.654 -2.336 -0.357
37.679 -2.558 -0.649
37.704 -2.736 -0.989
37.729 -2.914 -1.329
37.754 -3.069 -1.645
37.779 -3.180 -1.888
37.804 -3.291 -2.156
37.829 -3.424 -2.253
37.854 -3.491 -2.471
37.879 -3.535 -2.520
37.904 -3.557 -2.593
37.929 -3.535 -2.666
37.954 -3.469 -2.593
37.979 -3.491 -2.496
38.004 -3.424 -2.496
38.029 -3.335 -2.326
38.054 -3.247 -2.156
38.079 -3.113 -1.888
38.104 -2.936 -1.670
38.129 -2.825 -1.354
38.154 -2.625 -1.038
38.179 -2.447 -0.698
38.204 -2.181 -0.382
38.229 -1.981 0.056
38.254 -1.737 0.445
38.279 -1.582 0.809
38.304 -1.271 1.271
38.329 -1.071 1.708
38.354 -0.849 2.121
38.379 -0.627 2.607
38.404 -0.316 2.972
38.429 -0.116 3.458
38.454 0.106 3.749
38.479 0.394 4.162
38.504 0.594 4.503
38.529 0.727 4.843
38.554 0.905 5.061
38.579 1.038 5.377
38.604 1.149 5.596
38.629 1.260 5.766
38.654 1.304 5.985
38.679 1.393 6.106
38.704 1.438 6.131
38.729 1.415 6.228
38.754 1.482 6.131
38.779 1.393 6.082
38.804 1.304 5.985
38.829 1.238 5.888
38.854 1.171 5.669
38.879 0.994 5.499
38.904 0.883 5.232
38.929 0.661 4.964
38.954 0.527 4.600
38.979 0.305 4.308
39.004 0.128 3.992
39.029 -0.094 3.579
39.054 -0.294 3.166
39.079 -0.560 2.729
39.104 -0.805 2.291
39.129 -1.049 1.951
39.154 -1.249 1.465
39.179 -1.515 1.028
39.204 -1.693 0.566
39.229 -1.959 0.177
39.254 -2.181 -0.236
39.279 -2.381 -0.576
39.304 -2.514 -0.916
39.329 -2.736 -1.208
39.354 -2.914 -1.572
39.379 -3.047 -1.840
39.404 -3.180 -2.034
39.429 -3.269 -2.228
39.454 -3.380 -2.447
39.479 -3.446 -2.520
39.504 -3.469 -2.569
39.529 -3.535 -2.593
39.554 -3.557 -2.642
39.579 -3.513 -2.520
39.604 -3.424 -2.520
39.629 -3.402 -2.326
39.654 -3.247 -2.180
39.679 -3.180 -1.985
39.704 -3.069 -1.742
39.729 -2.891 -1.378
39.754 -2.714 -1.159
39.779 -2.536 -0.770
39.804 -2.359 -0.455
39.829 -2.159 -0.041
39.854 -1.892 0.347
39.879 -1.715 0.785
39.904 -1.448 1.173
39.929 -1.249 1.611
39.954 -1.027 2.048
39.979 -0.760 2.486
40.004 -0.472 2.874
40.029 -0.272 3.288
40.054 -0.005 3.701
40.079 0.172 4.138
40.104 0.372 4.430
40.129 0.594 4.721
40.154 0.772 5.061
40.179 0.883 5.304
40.204 1.082 5.547
40.229 1.171 5.742
40.254 1.282 5.912
40.279 1.349 6.034
40.304 1.393 6.155
40.329 1.415 6.179
40.354 1.438 6.106
40.379 1.415 6.082
40.404 1.371 5.985
40.429 1.260 5.888
40.454 1.238 5.766
40.479 1.082 5.572
40.504 0.971 5.256
40.529 0.772 4.964
40.554 0.705 4.673
40.579 0.483 4.405
40.604 0.328 3.992
40.629 0.083 3.676
40.654 -0.161 3.263
40.679 -0.383 2.850
40.704 -0.605 2.437
40.729 -0.849 2.000
40.754 -1.115 1.538
40.779 -1.337 1.125
40.804 -1.604 0.712
40.829 -1.826 0.323
40.854 -2.026 -0.090
40.879 -2.270 -0.479
40.904 -2.470 -0.795
40.929 -2.669 -1.086
40.954 -2.847 -1.427
40.979 -3.002 -1.645
41.004 -3.136 -1.937
41.029 -3.247 -2.156
41.054 -3.358 -2.350
41.079 -3.446 -2.374
41.104 -3.469 -2.496
41.129 -3.513 -2.544
41.154 -3.491 -2.569
41.179 -3.513 -2.569
41.204 -3.535 -2.447
41.229 -3.491 -2.350
41.254 -3.402 -2.204
41.279 -3.269 -1.961
41.304 -3.158 -1.742
41.329 -3.025 -1.451
41.354 -2.825 -1.208
41.379 -2.647 -0.868
41.404 -2.514 -0.527
41.429 -2.292 -0.139
41.454 -2.092 0.226
41.479 -1.870 0.615
41.504 -1.626 1.076
41.529 -1.382 1.465
41.554 -1.115 1.878
41.579 -0.871 2.364
41.604 -0.605 2.704
41.629 -0.427 3.142
41.654 -0.183 3.555
41.679 0.083 3.919
41.704 0.239 4.211
41.729 0.439 4.600
41.754 0.661 4.891
41.779 0.883 5.159
41.804 0.994 5.353
41.829 1.127 5.596
41.854 1.282 5.742
41.879 1.304 5.888
41.904 1.415 5.961
41.929 1.482 6.082
41.954 1.504 6.009
41.979 1.438 6.009
42.004 1.460 5.912
42.029 1.371 5.839
42.054 1.349 5.645
42.079 1.193 5.475
42.104 1.105 5.280
42.129 0.994 5.037
42.154 0.816 4.794
42.179 0.572 4.478
42.204 0.372 4.138
42.229 0.194 3.774
42.254 -0.050 3.385
42.279 -0.250 3.020
42.304 -0.449 2.656
42.329 -0.716 2.194
42.354 -0.938 1.781
42.379 -1.182 1.368
42.404 -1.471 0.955
42.429 -1.670 0.542
42.454 -1.937 0.153
42.479 -2.203 -0.187
42.504 -2.381 -0.527
42.529 -2.603 -0.892
42.554 -2.758 -1.184
42.579 -2.980 -1.475
42.604 -3.091 -1.718
42.629 -3.247 -1.913
42.654 -3.358 -2.131
42.679 -3.424 -2.253
42.704 -3.491 -2.350
42.729 -3.580 -2.399
42.754 -3.580 -2.471
42.779 -3.580 -2.423
42.804 -3.580 -2.399
42.829 -3.535 -2.253
42.854 -3.446 -2.156
42.879 -3.313 -1.961
42.904 -3.247 -1.815
42.929 -3.113 -1.548
42.954 -2.936 -1.256
42.979 -2.780 -0.965
43.004 -2.603 -0.673
43.029 -2.403 -0.333
43.054 -2.203 0.031
43.079 -1.959 0.420
43.104 -1.693 0.809
43.129 -1.493 1.271
43.154 -1.182 1.611
43.179 -0.982 2.048
43.204 -0.716 2.413
43.229 -0.472 2.826
43.254 -0.250 3.215
43.279 -0.028 3.603
43.304 0.217 3.968
43.329 0.439 4.308
43.354 0.661 4.600
43.379 0.816 4.867
43.404 0.994 5.110
43.429 1.127 5.329
43.454 1.282 5.523
43.479 1.371 5.693
43.504 1.460 5.790
43.529 1.460 5.839
43.554 1.526 5.912
43.579 1.504 5.936
43.604 1.482 5.888
43.629 1.415 5.790
43.654 1.371 5.645
43.679 1.260 5.547
43.704 1.171 5.353
43.729 1.016 5.207
43.754 0.838 4.891
43.779 0.661 4.624
43.804 0.505 4.308
43.829 0.283 3.968
43.854 0.083 3.628
43.879 -0.161 3.263
43.904 -0.383 2.899
43.929 -0.671 2.461
43.954 -0.893 2.048
43.979 -1.138 1.659
44.004 -1.448 1.271
44.029 -1.670 0.882
44.054 -1.870 0.469
44.079 -2.181 0.007
44.104 -2.314 -0.284
44.129 -2.536 -0.625
44.154 -2.714 -0.941
44.179 -2.869 -1.232
44.204 -3.025 -1.499
44.229 -3.224 -1.742
44.254 -3.335 -1.961
44.279 -3.402 -2.107
44.304 -3.535 -2.228
44.329 -3.580 -2.326
44.354 -3.624 -2.423
44.379 -3.646 -2.374
44.404 -3.602 -2.374
44.429 -3.602 -2.253
44.454 -3.513 -2.204
44.479 -3.424 -2.107
44.504 -3.291 -1.913
44.529 -3.180 -1.670
44.554 -2.980 -1.451
44.579 -2.780 -1.208
44.604 -2.603 -0.916
44.629 -2.425 -0.576
44.654 -2.203 -0.236
44.679 -2.003 0.177
44.704 -1.781 0.493
44.729 -1.515 0.930
44.754 -1.293 1.344
44.779 -1.049 1.805
44.804 -0.760 2.194
44.829 -0.538 2.583
44.854 -0.250 2.972
