Messung Schwingungsfrequenz ohne Kopplung der einzelnen Pendel
0.025 0.860 -5.679
0.050 0.372 -6.651
0.085 -0.383 -6.943
0.110 -0.893 -7.040
0.135 -1.426 -6.943
0.160 -1.870 -6.748
0.185 -2.470 -6.603
0.210 -2.869 -6.311
0.235 -3.335 -5.922
0.260 -3.757 -5.509
0.285 -4.179 -5.072
0.310 -4.445 -4.610
0.335 -4.756 -4.124
0.360 -5.000 -3.468
0.385 -5.245 -2.885
0.410 -5.311 -2.228
0.435 -5.467 -1.645
0.460 -5.489 -0.965
0.485 -5.467 -0.284
0.510 -5.378 0.445
0.535 -5.245 1.101
0.560 -5.111 1.757
0.585 -4.934 2.437
0.610 -4.690 3.069
0.635 -4.445 3.652
0.660 -4.112 4.211
0.685 -3.735 4.770
0.710 -3.269 5.207
0.735 -2.803 5.669
0.760 -2.381 6.082
0.785 -1.848 6.374
0.810 -1.337 6.641
0.835 -0.782 6.860
0.860 -0.294 6.884
0.885 0.239 6.981
0.910 0.772 6.957
0.935 1.327 6.908
0.960 1.904 6.811
0.985 2.525 6.617
1.010 2.992 6.325
1.035 3.458 6.082
1.060 3.924 5.645
1.085 4.346 5.280
1.110 4.723 4.770
1.135 5.012 4.284
1.160 5.256 3.725
1.185 5.500 3.045
1.210 5.678 2.437
1.235 5.811 1.781
1.260 5.944 1.125
1.285 5.944 0.445
1.310 5.922 -0.187
1.335 5.722 -0.916
1.360 5.589 -1.621
1.385 5.300 -2.277
1.410 5.101 -2.933
1.435 4.856 -3.468
1.460 4.390 -4.124
1.485 4.057 -4.561
1.510 3.591 -5.072
1.535 3.147 -5.558
1.560 2.636 -5.971
1.585 2.059 -6.335
1.610 1.504 -6.578
1.635 0.994 -6.821
1.660 0.505 -6.918
1.685 -0.094 -6.991
1.710 -0.694 -7.088
1.735 -1.182 -6.991
1.760 -1.670 -6.918
1.785 -2.225 -6.748
1.810 -2.669 -6.554
1.835 -3.091 -6.238
1.860 -3.535 -5.873
1.885 -3.935 -5.387
1.910 -4.246 -4.999
1.935 -4.601 -4.488
1.960 -4.845 -3.905
1.985 -5.089 -3.346
2.010 -5.245 -2.714
2.035 -5.400 -2.083
2.060 -5.422 -1.475
2.085 -5.422 -0.722
2.110 -5.444 -0.090
2.135 -5.378 0.615
2.160 -5.289 1.295
2.185 -5.134 2.000
2.210 -4.845 2.607
2.235 -4.556 3.312
2.260 -4.334 3.774
2.285 -3.979 4.430
2.310 -3.557 4.867
2.335 -3.136 5.353
2.360 -2.647 5.742
2.385 -2.159 6.131
2.410 -1.648 6.447
2.435 -1.182 6.592
2.460 -0.605 6.860
2.485 -0.072 6.957
2.510 0.505 6.957
2.535 1.016 6.957
2.560 1.637 6.908
2.585 2.126 6.714
2.610 2.725 6.519
2.635 3.169 6.325
2.660 3.680 5.985
2.685 4.102 5.572
2.710 4.479 5.110
2.735 4.768 4.575
2.760 5.189 4.138
2.785 5.389 3.555
2.810 5.611 2.923
2.835 5.767 2.267
2.860 5.833 1.587
2.885 5.900 1.003
2.910 5.855 0.250
2.935 5.744 -0.406
2.960 5.633 -1.062
2.985 5.411 -1.718
3.010 5.278 -2.350
3.035 4.990 -2.982
3.060 4.679 -3.614
3.085 4.324 -4.148
3.110 3.880 -4.707
3.135 3.391 -5.217
3.160 2.947 -5.582
3.185 2.326 -5.995
3.210 1.882 -6.384
3.235 1.349 -6.627
3.260 0.816 -6.797
3.285 0.283 -6.943
3.310 -0.272 -6.991
3.335 -0.893 -7.016
3.360 -1.382 -7.016
3.385 -1.937 -6.870
3.410 -2.425 -6.651
3.435 -2.891 -6.432
3.460 -3.335 -6.141
3.485 -3.802 -5.776
3.510 -4.090 -5.339
3.535 -4.468 -4.853
3.560 -4.712 -4.270
3.585 -5.045 -3.759
3.610 -5.200 -3.200
3.635 -5.356 -2.520
3.660 -5.422 -1.913
3.685 -5.400 -1.159
3.710 -5.444 -0.552
3.735 -5.467 0.104
3.760 -5.356 0.809
3.785 -5.178 1.538
3.810 -4.934 2.194
3.835 -4.734 2.826
3.860 -4.445 3.458
3.885 -4.135 3.944
3.910 -3.691 4.503
3.935 -3.335 4.989
3.960 -2.869 5.475
3.985 -2.447 5.863
4.010 -1.981 6.155
4.035 -1.448 6.471
4.060 -0.871 6.665
4.085 -0.383 6.860
4.110 0.172 6.908
4.135 0.727 6.981
4.160 1.216 6.933
4.185 1.837 6.787
4.210 2.370 6.690
4.235 2.836 6.495
4.260 3.325 6.155
4.285 3.813 5.863
4.310 4.213 5.426
4.335 4.612 4.940
4.360 4.990 4.454
4.385 5.300 3.968
4.410 5.478 3.312
4.435 5.656 2.753
4.460 5.833 2.121
4.485 5.855 1.465
4.510 5.900 0.760
4.535 5.878 0.080
4.560 5.722 -0.625
4.585 5.545 -1.281
4.610 5.434 -1.913
4.635 5.167 -2.544
4.660 4.834 -3.249
4.685 4.501 -3.735
4.710 4.079 -4.343
4.735 3.658 -4.829
4.760 3.169 -5.387
4.785 2.681 -5.776
4.810 2.192 -6.141
4.835 1.637 -6.457
4.860 1.105 -6.700
4.885 0.572 -6.797
4.910 0.017 -7.040
4.935 -0.560 -7.040
4.960 -1.071 -7.016
4.985 -1.670 -6.943
5.010 -2.114 -6.845
5.035 -2.647 -6.603
5.060 -3.025 -6.384
5.085 -3.469 -5.971
5.110 -3.802 -5.558
5.135 -4.201 -5.144
5.160 -4.556 -4.707
5.185 -4.823 -4.172
5.210 -4.978 -3.589
5.235 -5.200 -3.055
5.260 -5.378 -2.399
5.285 -5.422 -1.718
5.310 -5.422 -1.086
5.335 -5.489 -0.406
5.360 -5.400 0.250
5.385 -5.267 0.979
5.410 -5.023 1.732
5.435 -4.845 2.364
5.460 -4.601 3.020
5.485 -4.357 3.555
5.510 -3.935 4.138
5.535 -3.580 4.697
5.560 -3.113 5.159
5.585 -2.714 5.596
5.610 -2.314 5.888
5.635 -1.693 6.325
5.660 -1.182 6.592
5.685 -0.694 6.690
5.710 -0.094 6.835
5.735 0.439 6.933
5.760 0.971 6.908
5.785 1.460 6.933
5.810 2.059 6.835
5.835 2.592 6.690
5.860 3.125 6.374
5.885 3.524 6.058
5.910 3.946 5.742
5.935 4.346 5.329
5.960 4.723 4.843
5.985 5.034 4.405
6.010 5.323 3.774
6.035 5.545 3.166
6.060 5.700 2.583
6.085 5.811 1.878
6.110 5.922 1.246
6.135 5.833 0.590
6.160 5.811 -0.163
6.185 5.700 -0.746
6.210 5.500 -1.499
6.235 5.256 -2.083
6.260 4.990 -2.763
6.285 4.701 -3.322
6.310 4.368 -3.881
6.335 3.946 -4.440
6.360 3.502 -4.950
6.385 2.947 -5.460
6.410 2.481 -5.873
6.435 1.904 -6.262
6.460 1.438 -6.481
6.485 0.905 -6.675
6.510 0.283 -6.870
6.535 -0.227 -6.918
6.560 -0.738 -6.967
6.585 -1.249 -6.967
6.610 -1.826 -6.918
6.635 -2.314 -6.724
6.660 -2.758 -6.530
6.685 -3.247 -6.262
6.710 -3.646 -5.946
6.735 -4.024 -5.485
6.760 -4.357 -4.974
6.785 -4.667 -4.440
6.810 -4.934 -4.027
6.835 -5.111 -3.443
6.860 -5.245 -2.812
6.885 -5.400 -2.131
6.910 -5.400 -1.524
6.935 -5.511 -0.843
6.960 -5.467 -0.187
6.985 -5.311 0.566
7.010 -5.178 1.222
7.035 -4.978 1.878
7.060 -4.734 2.486
7.085 -4.512 3.093
7.110 -4.179 3.676
7.135 -3.846 4.235
7.160 -3.424 4.770
7.185 -3.002 5.304
7.210 -2.492 5.693
7.235 -2.092 6.058
7.260 -1.515 6.349
7.285 -1.027 6.568
7.310 -0.472 6.714
7.335 0.061 6.835
7.360 0.616 6.908
7.385 1.171 6.933
7.410 1.726 6.811
7.435 2.237 6.762
7.460 2.814 6.544
7.485 3.302 6.349
7.510 3.769 5.985
7.535 4.190 5.620
7.560 4.568 5.183
7.585 4.901 4.721
7.610 5.189 4.235
7.635 5.434 3.628
7.660 5.611 2.996
7.685 5.767 2.413
7.710 5.878 1.708
7.735 5.833 1.052
7.760 5.855 0.372
7.785 5.767 -0.284
7.810 5.633 -0.989
7.835 5.411 -1.621
7.860 5.189 -2.253
7.885 4.834 -2.933
7.910 4.546 -3.516
7.935 4.146 -4.075
7.960 3.769 -4.610
7.985 3.236 -5.023
8.010 2.725 -5.533
8.035 2.259 -5.922
8.060 1.726 -6.287
8.085 1.149 -6.530
8.110 0.616 -6.724
8.135 0.039 -6.918
8.160 -0.472 -6.991
8.185 -0.982 -6.943
8.210 -1.537 -6.991
8.235 -2.026 -6.773
8.260 -2.536 -6.675
8.285 -2.980 -6.335
8.310 -3.424 -6.116
8.335 -3.824 -5.703
8.360 -4.179 -5.363
8.385 -4.512 -4.829
8.410 -4.734 -4.367
8.435 -4.956 -3.832
8.460 -5.089 -3.298
8.485 -5.356 -2.642
8.510 -5.378 -2.010
8.535 -5.489 -1.378
8.560 -5.444 -0.649
8.585 -5.378 0.007
8.610 -5.267 0.712
8.635 -5.134 1.344
8.660 -4.867 2.000
8.685 -4.623 2.680
8.710 -4.334 3.263
8.735 -4.046 3.871
8.760 -3.624 4.357
8.785 -3.247 4.867
8.810 -2.780 5.402
8.835 -2.292 5.790
8.860 -1.892 6.106
8.885 -1.360 6.374
8.910 -0.849 6.592
8.935 -0.227 6.787
8.960 0.328 6.884
8.985 0.905 6.957
9.010 1.438 6.933
9.035 1.948 6.835
9.060 2.525 6.738
9.085 3.014 6.568
9.110 3.436 6.228
9.135 3.924 5.888
9.160 4.301 5.499
9.185 4.701 5.013
9.210 4.990 4.527
9.235 5.234 3.992
9.260 5.478 3.482
9.285 5.722 2.899
9.310 5.878 2.267
9.335 5.922 1.587
9.360 5.878 0.930
9.385 5.833 0.226
9.410 5.678 -0.479
9.435 5.500 -1.159
9.460 5.300 -1.767
9.485 5.034 -2.423
9.510 4.723 -3.079
9.535 4.390 -3.686
9.560 3.968 -4.197
9.585 3.524 -4.731
9.610 3.058 -5.193
9.635 2.614 -5.606
9.660 2.059 -5.922
9.685 1.571 -6.335
9.710 0.949 -6.530
9.735 0.416 -6.797
9.760 -0.161 -6.918
9.785 -0.605 -6.991
9.810 -1.160 -6.943
9.835 -1.670 -6.918
9.860 -2.248 -6.821
9.885 -2.692 -6.603
9.910 -3.158 -6.359
9.935 -3.624 -6.068
9.960 -3.957 -5.703
9.985 -4.334 -5.315
10.010 -4.667 -4.780
10.035 -4.845 -4.270
10.060 -5.067 -3.711
10.085 -5.200 -3.176
10.110 -5.467 -2.520
10.135 -5.444 -1.888
10.160 -5.400 -1.232
10.185 -5.356 -0.552
10.210 -5.311 0.177
10.235 -5.178 0.858
10.260 -5.045 1.538
10.285 -4.845 2.170
10.310 -4.556 2.802
10.335 -4.290 3.361
10.360 -3.913 4.017
10.385 -3.469 4.551
10.410 -3.069 5.013
10.435 -2.581 5.402
10.460 -2.137 5.815
10.485 -1.626 6.131
10.511 -1.115 6.447
10.536 -0.494 6.714
10.561 0.039 6.811
10.586 0.616 6.908
10.611 1.216 6.957
10.636 1.704 6.933
10.661 2.192 6.787
10.686 2.681 6.617
10.711 3.191 6.325
10.736 3.724 6.082
10.761 4.102 5.693
10.786 4.457 5.377
10.811 4.856 4.916
10.836 5.212 4.405
10.861 5.389 3.822
10.886 5.611 3.288
10.911 5.722 2.631
10.936 5.878 2.024
10.961 5.855 1.368
10.986 5.900 0.712
11.011 5.767 0.056
11.036 5.656 -0.649
11.061 5.434 -1.281
11.086 5.212 -2.010
11.111 4.923 -2.642
11.136 4.568 -3.273
11.161 4.235 -3.808
11.186 3.791 -4.391
11.211 3.369 -4.901
11.236 2.881 -5.315
11.261 2.326 -5.752
11.286 1.837 -6.141
11.311 1.282 -6.432
11.336 0.705 -6.603
11.361 0.172 -6.845
11.386 -0.294 -6.918
11.411 -0.893 -6.894
11.436 -1.404 -6.894
11.461 -1.937 -6.845
11.486 -2.447 -6.700
11.511 -2.891 -6.505
11.536 -3.335 -6.238
11.566 -3.713 -5.898
11.591 -4.135 -5.412
11.616 -4.490 -4.999
11.641 -4.778 -4.488
11.666 -4.956 -3.954
11.691 -5.222 -3.443
11.716 -5.311 -2.836
11.741 -5.444 -2.131
11.766 -5.444 -1.548
11.791 -5.444 -0.892
11.816 -5.422 -0.163
11.841 -5.245 0.566
11.866 -5.134 1.125
11.891 -4.956 1.878
11.916 -4.623 2.437
11.941 -4.290 3.093
11.980 -4.001 3.652
12.005 -3.402 4.454
12.030 -2.980 4.989
12.056 -2.470 5.426
12.081 -2.003 5.863
12.106 -1.471 6.204
12.131 -0.982 6.471
12.156 -0.472 6.617
12.181 0.083 6.787
12.206 0.616 6.860
12.231 1.216 6.884
12.256 1.771 6.908
12.281 2.326 6.762
12.306 2.881 6.641
12.331 3.325 6.398
12.356 3.769 6.082
12.381 4.168 5.766
12.406 4.501 5.304
12.431 4.923 4.843
12.456 5.234 4.381
12.481 5.434 3.846
12.506 5.678 3.288
12.531 5.789 2.680
12.556 5.833 2.000
12.581 5.811 1.344
12.606 5.811 0.615
12.631 5.767 -0.041
12.656 5.611 -0.746
12.681 5.411 -1.378
12.706 5.101 -2.058
12.731 4.790 -2.593
12.756 4.479 -3.273
12.781 4.124 -3.784
12.806 3.724 -4.415
12.831 3.280 -4.901
12.856 2.836 -5.315
12.881 2.281 -5.703
12.906 1.771 -6.116
12.931 1.149 -6.384
12.956 0.683 -6.627
12.981 0.083 -6.845
13.006 -0.516 -6.943
13.031 -1.027 -6.943
13.056 -1.537 -6.918
13.081 -2.048 -6.821
13.106 -2.536 -6.700
13.131 -3.047 -6.530
13.156 -3.469 -6.238
13.181 -3.846 -5.873
13.215 -4.290 -5.363
13.240 -4.623 -4.901
13.265 -4.845 -4.343
13.290 -5.089 -3.808
13.315 -5.222 -3.273
13.340 -5.356 -2.617
13.365 -5.378 -2.034
13.390 -5.467 -1.329
13.415 -5.378 -0.673
13.440 -5.289 0.007
13.465 -5.200 0.687
13.490 -5.089 1.392
13.515 -4.778 2.024
13.540 -4.534 2.631
13.565 -4.179 3.263
13.590 -3.890 3.822
13.615 -3.446 4.332
13.640 -3.025 4.843
13.665 -2.625 5.280
13.690 -2.137 5.718
13.715 -1.582 6.082
13.740 -1.049 6.374
13.765 -0.560 6.617
13.790 -0.050 6.762
13.815 0.550 6.884
13.840 1.016 6.908
13.865 1.637 6.884
13.890 2.170 6.835
13.915 2.681 6.617
13.940 3.147 6.447
13.965 3.658 6.204
13.990 4.079 5.863
14.015 4.457 5.426
14.040 4.768 5.086
14.065 5.034 4.551
14.090 5.300 4.041
14.115 5.545 3.506
14.140 5.700 2.874
14.165 5.855 2.218
14.190 5.878 1.587
14.215 5.855 0.858
14.240 5.789 0.201
14.265 5.611 -0.455
14.290 5.434 -1.111
14.315 5.167 -1.791
14.340 4.879 -2.471
14.365 4.590 -3.055
14.390 4.213 -3.662
14.415 3.835 -4.172
14.440 3.302 -4.756
14.465 2.858 -5.193
14.490 2.326 -5.606
14.515 1.793 -5.995
14.540 1.238 -6.287
14.565 0.705 -6.578
14.590 0.194 -6.700
14.615 -0.361 -6.797
14.640 -0.916 -6.918
14.665 -1.448 -6.943
14.690 -2.003 -6.870
14.715 -2.425 -6.724
14.740 -2.914 -6.603
14.765 -3.380 -6.384
14.790 -3.779 -5.995
14.815 -4.112 -5.606
14.840 -4.423 -5.144
14.865 -4.667 -4.756
14.890 -5.000 -4.270
14.915 -5.134 -3.711
14.940 -5.267 -3.055
14.965 -5.333 -2.471
14.990 -5.422 -1.864
15.015 -5.400 -1.232
15.040 -5.356 -0.552
15.065 -5.267 0.129
15.090 -5.178 0.833
15.115 -4.934 1.489
15.140 -4.734 2.145
15.165 -4.379 2.777
15.190 -4.068 3.361
15.215 -3.691 3.944
15.240 -3.269 4.503
15.265 -2.847 4.964
15.290 -2.403 5.377
15.315 -1.959 5.766
15.340 -1.360 6.131
15.365 -0.849 6.349
15.390 -0.272 6.665
15.415 0.261 6.787
15.440 0.772 6.884
15.465 1.304 6.884
15.490 1.882 6.884
15.515 2.459 6.787
15.540 2.969 6.568
15.565 3.369 6.349
15.590 3.835 6.034
15.615 4.213 5.669
15.640 4.612 5.280
15.665 4.967 4.916
15.690 5.212 4.430
15.715 5.434 3.846
15.740 5.611 3.239
15.765 5.789 2.631
15.790 5.833 2.048
15.815 5.855 1.344
15.840 5.811 0.687
15.865 5.722 0.031
15.890 5.567 -0.625
15.915 5.300 -1.281
15.940 5.078 -1.913
15.965 4.701 -2.666
15.990 4.435 -3.176
16.015 3.991 -3.808
16.040 3.569 -4.318
16.065 3.191 -4.756
16.090 2.703 -5.315
16.115 2.148 -5.728
16.140 1.571 -6.068
16.165 1.016 -6.359
16.190 0.527 -6.554
16.215 -0.028 -6.773
16.240 -0.605 -6.845
16.265 -1.160 -6.894
16.290 -1.648 -6.894
16.315 -2.159 -6.821
16.340 -2.558 -6.675
16.365 -3.069 -6.530
16.390 -3.491 -6.238
16.415 -3.890 -5.922
16.440 -4.223 -5.533
16.465 -4.534 -5.023
16.490 -4.756 -4.537
16.515 -5.067 -4.075
16.540 -5.134 -3.516
16.565 -5.311 -2.909
16.590 -5.356 -2.277
16.615 -5.444 -1.645
16.640 -5.422 -1.038
16.665 -5.356 -0.382
16.690 -5.222 0.372
16.715 -5.067 1.028
16.740 -4.801 1.732
16.765 -4.490 2.340
16.790 -4.223 2.947
16.815 -3.913 3.531
16.840 -3.557 4.090
16.865 -3.113 4.624
16.890 -2.647 5.086
16.915 -2.270 5.499
16.940 -1.737 5.815
16.965 -1.249 6.155
16.990 -0.627 6.471
17.015 -0.094 6.690
17.040 0.505 6.787
17.065 0.994 6.811
17.090 1.549 6.860
17.115 2.126 6.860
17.140 2.614 6.714
17.165 3.103 6.495
17.190 3.613 6.301
17.215 4.013 6.009
17.240 4.457 5.620
17.265 4.701 5.207
17.290 5.012 4.697
17.315 5.300 4.260
17.340 5.589 3.701
17.365 5.767 3.117
17.390 5.833 2.486
17.415 5.900 1.878
17.440 5.855 1.198
17.465 5.722 0.469
17.490 5.722 -0.163
17.515 5.434 -0.819
17.540 5.212 -1.548
17.565 4.945 -2.083
17.590 4.657 -2.739
17.615 4.235 -3.395
17.640 3.902 -3.929
17.665 3.413 -4.488
17.690 2.947 -4.926
17.715 2.437 -5.363
17.740 1.904 -5.776
17.765 1.349 -6.141
17.790 0.816 -6.359
17.815 0.217 -6.603
17.840 -0.294 -6.845
17.865 -0.849 -6.894
17.890 -1.315 -6.943
17.915 -1.848 -6.845
17.940 -2.336 -6.797
17.965 -2.803 -6.578
17.990 -3.269 -6.384
18.015 -3.691 -6.116
18.040 -4.068 -5.801
18.065 -4.379 -5.363
18.090 -4.690 -4.974
18.115 -4.912 -4.464
18.140 -5.089 -3.905
18.165 -5.267 -3.322
18.190 -5.311 -2.739
18.215 -5.400 -2.083
18.240 -5.400 -1.402
18.265 -5.333 -0.770
18.290 -5.267 -0.114
18.315 -5.156 0.542
18.340 -4.934 1.173
18.365 -4.623 1.927
18.390 -4.401 2.534
18.415 -4.090 3.190
18.440 -3.757 3.701
18.465 -3.402 4.235
18.490 -2.891 4.818
18.515 -2.447 5.183
18.540 -1.981 5.572
18.565 -1.515 5.936
18.590 -0.982 6.204
18.615 -0.383 6.495
18.640 0.128 6.690
18.665 0.727 6.835
18.690 1.282 6.811
18.715 1.793 6.884
18.740 2.326 6.787
18.765 2.770 6.617
18.790 3.325 6.422
18.815 3.791 6.179
18.840 4.213 5.863
18.865 4.523 5.547
18.890 4.856 5.037
18.915 5.145 4.624
18.940 5.345 4.090
18.965 5.545 3.531
18.990 5.722 2.923
19.015 5.767 2.291
19.040 5.855 1.659
19.065 5.833 1.052
19.090 5.744 0.347
19.115 5.545 -0.309
19.140 5.345 -1.038
19.165 5.101 -1.645
19.190 4.812 -2.301
19.215 4.457 -2.885
19.240 4.146 -3.468
19.265 3.635 -4.027
19.290 3.236 -4.537
19.315 2.681 -5.047
19.340 2.215 -5.509
19.365 1.660 -5.825
19.390 1.105 -6.165
19.415 0.527 -6.432
19.440 0.017 -6.651
19.465 -0.494 -6.748
19.490 -1.004 -6.870
19.515 -1.559 -6.870
19.540 -2.048 -6.821
19.565 -2.625 -6.773
19.590 -3.002 -6.578
19.615 -3.446 -6.311
19.640 -3.824 -6.092
19.665 -4.179 -5.655
19.690 -4.512 -5.315
19.715 -4.801 -4.804
19.740 -5.000 -4.318
19.765 -5.200 -3.759
19.790 -5.289 -3.225
19.815 -5.378 -2.569
19.840 -5.378 -1.913
19.865 -5.356 -1.281
19.890 -5.289 -0.576
19.915 -5.267 0.056
19.940 -5.067 0.687
19.965 -4.889 1.392
19.990 -4.601 1.975
20.015 -4.334 2.680
20.040 -3.957 3.239
20.065 -3.624 3.798
20.090 -3.136 4.381
20.115 -2.714 4.916
20.140 -2.225 5.329
20.165 -1.804 5.693
20.190 -1.271 6.009
20.215 -0.716 6.325
20.240 -0.161 6.568
20.265 0.350 6.690
20.290 0.949 6.835
20.315 1.504 6.884
20.340 2.037 6.835
20.365 2.481 6.738
20.405 3.236 6.471
20.430 3.746 6.179
20.455 4.124 5.888
20.480 4.546 5.450
20.505 4.901 5.061
20.530 5.189 4.600
20.555 5.345 4.162
20.580 5.589 3.603
20.605 5.744 3.045
20.630 5.833 2.364
20.655 5.833 1.732
20.680 5.811 1.101
20.705 5.722 0.445
20.730 5.589 -0.212
20.755 5.323 -0.892
20.780 5.123 -1.572
20.805 4.790 -2.204
20.830 4.479 -2.860
20.855 4.057 -3.395
20.880 3.635 -4.002
20.905 3.191 -4.537
20.930 2.770 -4.999
20.955 2.192 -5.460
20.980 1.682 -5.801
21.005 1.105 -6.165
21.030 0.572 -6.432
21.055 -0.005 -6.651
21.080 -0.494 -6.797
21.105 -1.093 -6.870
21.130 -1.559 -6.870
21.155 -2.048 -6.773
21.180 -2.536 -6.748
21.205 -3.025 -6.530
21.230 -3.446 -6.359
21.255 -3.802 -6.044
21.280 -4.135 -5.728
21.305 -4.468 -5.266
21.330 -4.712 -4.829
21.355 -5.000 -4.343
21.380 -5.156 -3.832
21.405 -5.311 -3.225
21.430 -5.356 -2.666
21.455 -5.444 -1.985
21.480 -5.356 -1.354
21.505 -5.333 -0.698
21.530 -5.200 -0.090
21.555 -5.023 0.663
21.580 -4.778 1.319
21.605 -4.623 1.975
21.630 -4.246 2.583
21.655 -3.890 3.190
21.680 -3.535 3.725
21.705 -3.113 4.332
21.730 -2.736 4.770
21.755 -2.270 5.232
21.780 -1.715 5.620
21.805 -1.204 5.985
21.830 -0.649 6.301
21.855 -0.161 6.495
21.880 0.439 6.641
21.905 0.971 6.811
21.930 1.504 6.811
21.955 2.015 6.835
21.980 2.548 6.762
22.005 3.058 6.641
22.030 3.591 6.422
22.055 3.991 6.179
22.080 4.346 5.742
22.105 4.590 5.353
22.130 5.012 4.964
22.155 5.212 4.430
22.180 5.500 3.968
22.205 5.656 3.385
22.230 5.744 2.802
22.255 5.744 2.170
22.280 5.855 1.562
22.305 5.722 0.930
22.330 5.656 0.274
22.355 5.456 -0.382
22.380 5.278 -1.038
22.405 4.990 -1.742
22.430 4.679 -2.374
22.455 4.213 -2.982
22.480 3.857 -3.541
22.505 3.458 -4.148
22.530 3.014 -4.634
22.555 2.525 -5.072
22.580 1.926 -5.533
22.605 1.371 -5.873
22.630 0.883 -6.238
22.655 0.350 -6.432
22.680 -0.183 -6.651
22.705 -0.694 -6.773
22.730 -1.293 -6.870
22.755 -1.759 -6.845
22.780 -2.270 -6.821
22.805 -2.780 -6.675
22.830 -3.158 -6.505
22.855 -3.580 -6.262
22.880 -3.979 -5.995
22.905 -4.334 -5.558
22.930 -4.534 -5.169
22.955 -4.845 -4.707
22.980 -5.023 -4.221
23.005 -5.267 -3.711
23.030 -5.356 -3.079
23.055 -5.422 -2.423
23.080 -5.422 -1.840
23.105 -5.333 -1.159
23.130 -5.245 -0.503
23.155 -5.089 0.129
23.180 -4.912 0.833
23.205 -4.667 1.514
23.230 -4.468 2.073
23.255 -4.157 2.753
23.280 -3.757 3.312
23.305 -3.402 3.944
23.330 -2.980 4.405
23.355 -2.536 4.891
23.380 -2.003 5.353
23.407 -1.471 5.790
23.432 -0.938 6.106
23.457 -0.405 6.301
23.482 0.083 6.519
23.507 0.594 6.714
23.532 1.149 6.787
23.557 1.748 6.835
23.582 2.303 6.762
23.607 2.747 6.690
23.632 3.325 6.495
23.657 3.724 6.252
23.682 4.146 5.936
23.707 4.523 5.645
23.732 4.834 5.232
23.757 5.101 4.794
23.782 5.389 4.332
23.807 5.567 3.822
23.832 5.700 3.215
23.857 5.811 2.559
23.882 5.833 1.975
23.907 5.767 1.344
23.932 5.722 0.639
23.957 5.545 -0.090
23.982 5.345 -0.698
24.007 5.167 -1.305
24.032 4.834 -1.937
24.057 4.457 -2.569
24.082 4.102 -3.200
24.107 3.680 -3.735
24.132 3.236 -4.294
24.157 2.681 -4.707
24.182 2.215 -5.266
24.207 1.660 -5.679
24.232 1.127 -6.092
24.257 0.594 -6.335
24.282 0.106 -6.481
24.307 -0.449 -6.675
24.332 -0.982 -6.773
24.357 -1.537 -6.845
24.382 -2.003 -6.821
24.407 -2.514 -6.748
24.432 -2.891 -6.578
24.457 -3.380 -6.384
24.482 -3.713 -6.116
24.507 -4.135 -5.776
24.532 -4.423 -5.436
24.557 -4.712 -4.999
24.583 -4.978 -4.537
24.608 -5.156 -4.027
24.633 -5.289 -3.468
24.658 -5.356 -2.812
24.683 -5.378 -2.204
24.708 -5.356 -1.548
24.733 -5.356 -0.916
24.758 -5.222 -0.236
24.783 -5.023 0.396
24.808 -4.823 1.076
24.833 -4.534 1.708
24.858 -4.268 2.413
24.883 -3.957 3.020
24.908 -3.535 3.628
24.933 -3.180 4.114
24.958 -2.780 4.600
24.983 -2.248 5.086
25.008 -1.781 5.475
25.033 -1.182 5.863
25.058 -0.716 6.204
25.083 -0.205 6.374
25.108 0.350 6.592
25.133 0.927 6.738
25.158 1.438 6.762
25.183 1.993 6.787
25.208 2.459 6.714
25.233 2.969 6.568
25.258 3.436 6.447
25.283 3.924 6.179
25.308 4.279 5.863
25.333 4.701 5.499
25.358 4.923 5.086
25.383 5.234 4.600
25.408 5.456 4.138
25.433 5.611 3.555
25.458 5.700 2.947
25.483 5.767 2.364
25.508 5.767 1.805
25.533 5.767 1.149
25.558 5.633 0.517
25.583 5.456 -0.187
25.608 5.256 -0.843
25.633 4.967 -1.499
25.658 4.634 -2.131
25.683 4.324 -2.812
25.708 3.880 -3.419
25.733 3.502 -3.954
25.758 3.058 -4.415
25.783 2.481 -4.950
25.808 2.015 -5.363
25.833 1.482 -5.728
25.858 0.860 -6.068
25.883 0.350 -6.359
25.908 -0.183 -6.505
25.933 -0.694 -6.651
25.958 -1.249 -6.773
25.983 -1.737 -6.845
26.008 -2.270 -6.797
26.033 -2.669 -6.700
26.058 -3.158 -6.505
26.083 -3.624 -6.311
26.108 -3.979 -6.044
26.133 -4.223 -5.679
26.158 -4.645 -5.217
26.183 -4.845 -4.853
26.208 -5.023 -4.294
26.233 -5.222 -3.832
26.258 -5.378 -3.249
26.283 -5.400 -2.666
26.308 -5.378 -2.034
26.333 -5.333 -1.378
26.358 -5.267 -0.770
26.383 -5.156 -0.163
26.408 -4.978 0.590
26.433 -4.734 1.198
26.458 -4.490 1.830
26.483 -4.179 2.486
26.508 -3.802 3.166
26.533 -3.402 3.628
26.558 -3.002 4.162
26.583 -2.536 4.746
26.608 -2.003 5.207
26.633 -1.493 5.596
26.658 -0.982 5.936
26.683 -0.538 6.228
26.708 -0.028 6.422
26.733 0.572 6.641
26.758 1.171 6.738
26.783 1.660 6.762
26.808 2.170 6.762
26.833 2.725 6.714
26.858 3.191 6.519
26.883 3.613 6.276
26.908 4.057 6.106
26.933 4.435 5.766
26.958 4.790 5.377
26.983 5.101 4.989
27.008 5.345 4.551
27.033 5.522 3.992
27.058 5.744 3.458
27.083 5.789 2.826
27.108 5.900 2.316
27.133 5.789 1.587
27.158 5.722 0.979
27.183 5.589 0.299
27.208 5.389 -0.357
27.233 5.101 -1.038
27.258 4.790 -1.694
27.283 4.501 -2.301
27.308 4.190 -2.933
27.333 3.746 -3.541
27.358 3.258 -4.051
27.383 2.836 -4.610
27.408 2.326 -4.974
27.433 1.815 -5.436
27.458 1.260 -5.825
27.483 0.705 -6.165
27.508 0.128 -6.432
27.533 -0.338 -6.578
27.558 -0.916 -6.724
27.583 -1.448 -6.845
27.608 -1.981 -6.870
27.633 -2.403 -6.821
27.658 -2.825 -6.627
27.683 -3.313 -6.432
27.708 -3.713 -6.214
27.733 -4.090 -5.898
27.758 -4.401 -5.655
27.783 -4.690 -5.217
27.808 -4.934 -4.756
27.833 -5.134 -4.221
27.858 -5.267 -3.686
27.883 -5.333 -3.128
27.908 -5.356 -2.471
27.933 -5.333 -1.864
27.958 -5.267 -1.232
27.983 -5.222 -0.552
28.008 -5.067 0.104
28.033 -4.867 0.760
28.058 -4.601 1.441
28.083 -4.268 2.073
28.108 -4.001 2.656
28.133 -3.713 3.239
28.158 -3.224 3.846
28.183 -2.669 4.381
28.208 -2.270 4.794
28.233 -1.826 5.256
28.258 -1.315 5.645
28.283 -0.805 6.058
28.308 -0.272 6.349
28.333 0.283 6.544
28.358 0.794 6.617
28.383 1.282 6.738
28.408 1.882 6.762
28.433 2.370 6.811
28.458 2.903 6.665
28.483 3.391 6.544
28.508 3.880 6.325
28.533 4.257 6.034
28.558 4.568 5.596
28.583 4.923 5.280
28.608 5.167 4.843
28.633 5.367 4.381
28.658 5.567 3.822
28.683 5.744 3.288
28.708 5.811 2.631
28.733 5.767 2.073
28.758 5.767 1.416
28.783 5.656 0.760
28.808 5.434 0.129
28.833 5.278 -0.479
28.858 5.056 -1.159
28.883 4.657 -1.815
28.908 4.346 -2.447
28.933 3.924 -3.055
28.958 3.569 -3.638
28.983 3.080 -4.172
29.008 2.592 -4.683
29.033 2.059 -5.120
29.058 1.504 -5.606
29.083 1.016 -5.825
29.108 0.439 -6.238
29.133 -0.072 -6.505
29.158 -0.649 -6.700
29.183 -1.182 -6.773
29.208 -1.626 -6.797
29.233 -2.203 -6.797
29.258 -2.647 -6.797
29.283 -3.136 -6.675
29.308 -3.469 -6.408
29.333 -3.868 -6.116
29.358 -4.201 -5.776
29.383 -4.579 -5.436
29.408 -4.845 -5.047
29.433 -5.023 -4.634
29.458 -5.178 -4.100
29.483 -5.333 -3.516
29.508 -5.444 -3.030
29.533 -5.444 -2.374
29.558 -5.400 -1.767
29.583 -5.333 -1.111
29.608 -5.111 -0.406
29.633 -4.978 0.274
29.658 -4.778 0.930
29.683 -4.490 1.611
29.708 -4.179 2.218
29.733 -3.824 2.899
29.758 -3.446 3.433
29.783 -3.091 3.968
29.808 -2.603 4.478
29.833 -2.114 4.940
29.858 -1.604 5.377
29.883 -1.071 5.790
29.908 -0.583 6.082
29.933 -0.050 6.301
29.958 0.527 6.495
29.983 1.038 6.690
30.008 1.593 6.762
30.033 2.104 6.787
30.058 2.636 6.762
30.083 3.058 6.714
30.108 3.591 6.447
30.133 3.968 6.204
