antisymmetrische Eigenschwingung bei 19.2cm
0.025 -0.516 0.153
0.050 -0.827 0.736
0.082 -1.138 1.392
0.107 -1.404 1.878
0.132 -1.715 2.413
0.157 -1.937 2.802
0.182 -2.181 3.239
0.207 -2.403 3.628
0.232 -2.625 3.992
0.257 -2.736 4.308
0.282 -2.958 4.624
0.307 -3.091 4.916
0.332 -3.158 5.134
0.357 -3.247 5.304
0.382 -3.358 5.402
0.407 -3.335 5.499
0.432 -3.335 5.620
0.457 -3.313 5.572
0.482 -3.291 5.572
0.507 -3.158 5.475
0.532 -3.069 5.353
0.557 -2.958 5.159
0.582 -2.803 4.964
0.607 -2.603 4.697
0.632 -2.447 4.478
0.657 -2.181 4.041
0.682 -1.959 3.749
0.707 -1.715 3.336
0.732 -1.493 2.923
0.757 -1.182 2.461
0.782 -0.938 2.048
0.807 -0.694 1.635
0.832 -0.338 1.173
0.857 -0.050 0.712
0.882 0.128 0.274
0.907 0.483 -0.163
0.932 0.661 -0.527
0.958 0.949 -1.038
0.983 1.171 -1.402
1.008 1.327 -1.815
1.033 1.549 -2.131
1.058 1.682 -2.447
1.083 1.837 -2.666
1.108 2.015 -2.885
1.133 2.081 -3.152
1.158 2.148 -3.249
1.183 2.126 -3.419
1.208 2.126 -3.516
1.233 2.059 -3.468
1.258 2.037 -3.443
1.283 1.926 -3.346
1.308 1.815 -3.200
1.333 1.682 -2.982
1.358 1.549 -2.763
1.383 1.327 -2.520
1.408 1.127 -2.277
1.433 0.905 -1.985
1.458 0.661 -1.621
1.483 0.372 -1.159
1.508 0.083 -0.819
1.533 -0.139 -0.357
1.558 -0.383 0.031
1.583 -0.716 0.445
1.608 -0.938 0.906
1.633 -1.249 1.416
1.658 -1.515 1.830
1.683 -1.759 2.340
1.708 -2.026 2.729
1.733 -2.270 3.215
1.758 -2.470 3.531
1.783 -2.692 3.992
1.808 -2.780 4.235
1.833 -2.914 4.503
1.858 -3.091 4.770
1.883 -3.224 5.037
1.908 -3.313 5.207
1.933 -3.335 5.402
1.958 -3.358 5.475
1.983 -3.380 5.572
2.008 -3.291 5.523
2.033 -3.291 5.475
2.058 -3.202 5.426
2.083 -3.113 5.256
2.108 -2.936 5.110
2.133 -2.825 4.891
2.158 -2.603 4.624
2.183 -2.403 4.357
2.208 -2.181 4.065
2.233 -1.981 3.676
2.258 -1.715 3.336
2.283 -1.493 2.972
2.308 -1.138 2.461
2.333 -0.871 2.097
2.358 -0.560 1.611
2.383 -0.338 1.222
2.408 -0.072 0.736
2.433 0.217 0.347
2.458 0.572 -0.163
2.483 0.749 -0.600
2.508 1.038 -0.941
2.533 1.238 -1.354
2.558 1.415 -1.694
2.583 1.593 -2.034
2.608 1.748 -2.350
2.633 1.882 -2.617
2.658 2.015 -2.860
2.683 2.126 -2.982
2.708 2.170 -3.128
2.733 2.126 -3.298
2.758 2.170 -3.346
2.783 2.081 -3.371
2.808 2.059 -3.298
2.833 1.948 -3.176
2.858 1.815 -3.128
2.883 1.637 -2.933
2.908 1.460 -2.714
2.933 1.260 -2.423
2.958 1.149 -2.131
2.983 0.838 -1.840
3.008 0.638 -1.524
3.033 0.372 -1.159
3.058 0.150 -0.795
3.083 -0.183 -0.382
3.108 -0.405 0.056
3.133 -0.716 0.493
3.158 -0.938 0.955
3.183 -1.293 1.392
3.208 -1.493 1.830
3.233 -1.826 2.267
3.258 -2.070 2.680
3.283 -2.292 3.117
3.308 -2.558 3.506
3.333 -2.692 3.846
3.358 -2.847 4.138
3.383 -3.025 4.405
3.408 -3.136 4.697
3.433 -3.291 4.940
3.458 -3.358 5.086
3.483 -3.380 5.256
3.508 -3.380 5.329
3.533 -3.424 5.426
3.558 -3.380 5.499
3.583 -3.291 5.402
3.608 -3.180 5.256
3.633 -3.113 5.183
3.658 -3.002 5.061
3.683 -2.825 4.818
3.708 -2.558 4.600
3.733 -2.381 4.308
3.758 -2.159 3.944
3.783 -1.937 3.628
3.808 -1.715 3.239
3.833 -1.426 2.874
3.858 -1.160 2.486
3.883 -0.871 2.048
3.908 -0.627 1.611
3.933 -0.338 1.222
3.958 -0.028 0.809
3.983 0.239 0.323
4.008 0.505 -0.090
4.033 0.794 -0.503
4.058 0.994 -0.965
4.083 1.260 -1.305
4.108 1.438 -1.645
4.133 1.615 -1.913
4.158 1.793 -2.301
4.183 1.904 -2.569
4.208 2.081 -2.787
4.233 2.148 -2.933
4.258 2.170 -3.103
4.283 2.237 -3.152
4.308 2.192 -3.200
4.333 2.148 -3.176
4.358 2.126 -3.200
4.383 2.059 -3.200
4.408 1.904 -3.030
4.433 1.748 -2.860
4.458 1.593 -2.617
4.483 1.415 -2.350
4.508 1.216 -2.107
4.533 0.949 -1.767
4.558 0.638 -1.451
4.583 0.416 -1.111
4.608 0.150 -0.722
4.633 -0.116 -0.260
4.658 -0.472 0.080
4.683 -0.760 0.517
4.708 -1.049 0.930
4.733 -1.337 1.416
4.758 -1.537 1.878
4.783 -1.804 2.316
4.808 -2.070 2.680
4.833 -2.270 3.069
4.858 -2.470 3.385
4.883 -2.736 3.749
4.908 -2.891 4.090
4.933 -3.069 4.405
4.958 -3.180 4.600
4.983 -3.269 4.940
5.008 -3.335 5.086
5.033 -3.402 5.207
5.058 -3.446 5.232
5.083 -3.469 5.353
5.108 -3.424 5.329
5.133 -3.335 5.280
5.158 -3.269 5.207
5.183 -3.136 5.086
5.208 -2.936 4.891
5.233 -2.825 4.770
5.258 -2.647 4.503
5.283 -2.492 4.211
5.308 -2.159 3.919
5.333 -1.937 3.579
5.358 -1.693 3.239
5.383 -1.448 2.826
5.408 -1.160 2.389
5.433 -0.938 2.048
5.458 -0.583 1.587
5.483 -0.294 1.222
5.508 -0.028 0.736
5.533 0.239 0.299
5.558 0.439 -0.139
5.583 0.772 -0.503
5.608 1.060 -0.965
5.633 1.216 -1.305
5.658 1.504 -1.597
5.683 1.682 -1.961
5.708 1.859 -2.228
5.733 1.970 -2.447
5.758 2.059 -2.690
5.783 2.170 -2.885
5.808 2.192 -2.982
5.833 2.237 -3.055
5.858 2.237 -3.152
5.883 2.215 -3.103
5.908 2.170 -3.103
5.933 2.037 -3.006
5.958 1.882 -2.885
5.983 1.748 -2.739
6.008 1.593 -2.569
6.033 1.349 -2.326
6.058 1.216 -1.985
6.083 0.971 -1.694
6.108 0.727 -1.354
6.133 0.416 -1.013
6.158 0.150 -0.673
6.183 -0.116 -0.284
6.208 -0.449 0.153
6.233 -0.738 0.566
6.258 -1.004 1.003
6.283 -1.271 1.416
6.308 -1.559 1.854
6.333 -1.804 2.340
6.358 -2.048 2.680
6.383 -2.270 3.045
6.408 -2.514 3.385
6.433 -2.714 3.749
6.458 -2.958 4.065
6.483 -3.069 4.332
6.508 -3.224 4.575
6.533 -3.313 4.721
6.558 -3.358 4.940
6.583 -3.469 5.061
6.608 -3.513 5.159
6.633 -3.469 5.207
6.658 -3.402 5.256
6.683 -3.313 5.207
6.708 -3.247 5.086
6.733 -3.136 5.013
6.758 -2.980 4.818
6.783 -2.803 4.624
6.808 -2.647 4.430
6.833 -2.470 4.090
6.858 -2.225 3.774
6.883 -1.981 3.458
6.908 -1.693 3.117
6.933 -1.426 2.729
6.958 -1.160 2.340
6.983 -0.849 1.927
7.008 -0.560 1.489
7.033 -0.338 1.149
7.058 -0.028 0.687
7.083 0.217 0.250
7.108 0.550 -0.163
7.133 0.794 -0.503
7.158 1.060 -0.868
7.183 1.304 -1.256
7.208 1.571 -1.597
7.233 1.726 -1.937
7.258 1.859 -2.228
7.283 1.993 -2.496
7.308 2.148 -2.666
7.333 2.215 -2.812
7.358 2.237 -2.909
7.383 2.259 -3.030
7.408 2.281 -3.055
7.433 2.215 -3.055
7.458 2.215 -2.982
7.483 2.081 -2.885
7.508 1.970 -2.763
7.533 1.837 -2.690
7.558 1.637 -2.471
7.583 1.460 -2.204
7.608 1.216 -1.937
7.633 0.994 -1.524
7.658 0.727 -1.232
7.683 0.461 -0.868
7.708 0.128 -0.576
7.733 -0.094 -0.187
7.758 -0.383 0.250
7.783 -0.738 0.663
7.808 -1.049 1.101
7.833 -1.293 1.489
7.858 -1.559 1.902
7.883 -1.848 2.291
7.908 -2.114 2.704
7.933 -2.292 3.069
7.958 -2.558 3.385
7.983 -2.714 3.725
8.008 -2.869 4.017
8.033 -3.069 4.308
8.058 -3.269 4.527
8.083 -3.313 4.746
8.108 -3.424 4.867
8.133 -3.469 4.989
8.158 -3.469 5.110
8.183 -3.469 5.110
8.208 -3.424 5.086
8.233 -3.402 5.086
8.258 -3.313 5.013
8.283 -3.202 4.916
8.308 -2.980 4.770
8.333 -2.825 4.503
8.358 -2.736 4.284
8.383 -2.492 3.992
8.408 -2.270 3.676
8.433 -2.003 3.288
8.458 -1.693 2.996
8.483 -1.448 2.631
8.508 -1.204 2.267
8.533 -0.938 1.854
8.558 -0.671 1.465
8.583 -0.294 1.052
8.608 -0.005 0.639
8.633 0.217 0.177
8.658 0.550 -0.236
8.683 0.749 -0.552
8.708 0.994 -0.965
8.733 1.282 -1.256
8.758 1.504 -1.572
8.783 1.726 -1.913
8.808 1.859 -2.156
8.833 1.993 -2.423
8.858 2.104 -2.593
8.883 2.259 -2.714
8.908 2.303 -2.909
8.933 2.326 -2.958
8.958 2.326 -2.958
8.983 2.326 -2.933
9.008 2.215 -2.909
9.033 2.104 -2.787
9.058 1.993 -2.714
9.083 1.859 -2.496
9.108 1.682 -2.277
9.133 1.504 -2.010
9.158 1.193 -1.791
9.183 1.016 -1.499
9.208 0.772 -1.086
9.233 0.505 -0.843
9.258 0.194 -0.455
9.283 -0.072 -0.066
9.308 -0.383 0.347
9.333 -0.671 0.712
9.358 -0.960 1.149
9.383 -1.249 1.489
9.408 -1.515 1.927
9.433 -1.804 2.291
9.458 -2.070 2.753
9.483 -2.248 3.166
9.508 -2.536 3.458
9.533 -2.692 3.725
9.558 -2.914 4.065
9.583 -3.025 4.260
9.608 -3.269 4.527
9.633 -3.402 4.721
9.658 -3.469 4.867
9.683 -3.557 4.916
9.708 -3.513 5.037
9.733 -3.535 5.013
9.758 -3.491 5.061
9.783 -3.424 5.013
9.808 -3.402 4.891
9.833 -3.224 4.770
9.858 -3.069 4.600
9.883 -2.847 4.430
9.908 -2.714 4.211
9.933 -2.514 3.895
9.958 -2.270 3.628
9.983 -2.048 3.288
10.008 -1.759 2.899
10.033 -1.515 2.534
10.058 -1.271 2.121
10.083 -0.871 1.757
10.108 -0.627 1.392
10.133 -0.338 0.955
10.158 -0.028 0.542
10.183 0.239 0.177
10.208 0.483 -0.212
10.233 0.794 -0.625
10.258 0.971 -0.989
10.283 1.238 -1.354
10.308 1.526 -1.621
10.333 1.682 -1.961
10.358 1.859 -2.180
10.383 1.993 -2.423
10.408 2.081 -2.520
10.433 2.192 -2.690
10.458 2.259 -2.739
10.483 2.370 -2.860
10.508 2.326 -2.885
10.533 2.303 -2.933
10.558 2.215 -2.763
10.583 2.170 -2.690
10.608 1.993 -2.617
10.633 1.859 -2.447
10.658 1.682 -2.204
10.683 1.482 -1.937
10.708 1.282 -1.670
10.733 1.038 -1.378
10.758 0.772 -1.086
10.783 0.461 -0.673
10.808 0.217 -0.309
10.833 -0.028 0.031
10.858 -0.405 0.469
10.883 -0.627 0.858
10.908 -0.960 1.295
10.933 -1.226 1.611
10.958 -1.493 2.048
10.983 -1.737 2.340
11.008 -2.026 2.729
11.033 -2.270 3.093
11.058 -2.514 3.433
11.083 -2.758 3.725
11.108 -2.980 4.065
11.133 -3.091 4.332
11.158 -3.269 4.551
11.183 -3.335 4.648
11.208 -3.469 4.843
11.233 -3.513 4.916
11.258 -3.557 5.037
11.283 -3.580 4.989
11.308 -3.535 5.037
11.333 -3.446 4.916
11.358 -3.380 4.818
11.383 -3.269 4.600
11.408 -3.113 4.478
11.433 -2.936 4.260
11.458 -2.780 4.065
11.483 -2.558 3.725
11.508 -2.292 3.458
11.533 -2.092 3.117
11.558 -1.804 2.850
11.583 -1.471 2.437
11.608 -1.226 2.073
11.633 -0.982 1.611
11.658 -0.694 1.198
11.683 -0.472 0.858
11.708 -0.139 0.517
11.733 0.194 0.080
11.758 0.461 -0.284
11.783 0.749 -0.673
11.808 0.994 -1.013
11.833 1.282 -1.329
11.858 1.415 -1.597
11.883 1.660 -1.937
11.908 1.815 -2.107
11.933 2.037 -2.326
11.958 2.081 -2.593
11.983 2.259 -2.690
12.008 2.237 -2.714
12.033 2.326 -2.860
12.058 2.281 -2.885
12.083 2.281 -2.836
12.108 2.215 -2.763
12.133 2.170 -2.642
12.158 1.948 -2.520
12.183 1.904 -2.350
12.208 1.704 -2.058
12.233 1.482 -1.840
12.258 1.260 -1.548
12.283 1.060 -1.281
12.308 0.816 -0.916
12.333 0.550 -0.600
12.358 0.283 -0.236
12.383 -0.028 0.080
12.408 -0.316 0.566
12.433 -0.627 0.955
12.458 -0.893 1.368
12.483 -1.226 1.732
12.508 -1.515 2.145
12.533 -1.804 2.534
12.558 -1.981 2.899
12.583 -2.292 3.166
12.608 -2.492 3.531
12.633 -2.714 3.846
12.658 -2.891 4.114
12.683 -3.047 4.332
12.708 -3.247 4.527
12.733 -3.313 4.673
12.758 -3.424 4.867
12.783 -3.491 4.940
12.808 -3.535 5.013
12.833 -3.491 5.013
12.858 -3.469 4.964
12.883 -3.380 4.891
12.908 -3.380 4.746
12.933 -3.202 4.600
12.958 -3.136 4.430
12.983 -2.914 4.235
13.008 -2.758 4.041
13.033 -2.581 3.725
13.058 -2.359 3.385
13.083 -2.114 2.996
13.108 -1.959 2.680
13.133 -1.626 2.291
13.158 -1.293 1.902
13.183 -0.960 1.514
13.208 -0.716 1.149
13.233 -0.405 0.736
13.258 -0.116 0.323
13.283 0.172 -0.041
13.308 0.439 -0.382
13.333 0.772 -0.746
13.358 0.949 -1.135
13.383 1.260 -1.475
13.408 1.438 -1.718
13.433 1.704 -2.010
13.458 1.859 -2.204
13.483 1.948 -2.399
13.508 2.104 -2.544
13.533 2.148 -2.666
13.558 2.259 -2.739
13.583 2.348 -2.836
13.608 2.281 -2.812
13.633 2.281 -2.812
13.659 2.215 -2.642
13.684 2.148 -2.642
13.709 2.037 -2.423
13.734 1.904 -2.204
13.759 1.748 -1.985
13.784 1.504 -1.791
13.809 1.260 -1.475
13.835 1.082 -1.184
13.860 0.860 -0.795
13.885 0.594 -0.503
13.910 0.261 -0.066
13.935 -0.005 0.323
13.960 -0.316 0.712
13.985 -0.605 1.076
14.010 -0.893 1.489
14.035 -1.226 1.854
14.060 -1.515 2.291
14.085 -1.715 2.631
14.110 -2.003 3.020
14.135 -2.248 3.312
14.160 -2.492 3.628
14.185 -2.669 3.919
14.210 -2.936 4.138
14.235 -3.047 4.405
14.260 -3.202 4.648
14.285 -3.291 4.746
14.310 -3.424 4.843
14.335 -3.491 4.891
14.360 -3.557 4.940
14.385 -3.469 4.964
14.410 -3.469 4.916
14.435 -3.446 4.794
14.460 -3.358 4.721
14.485 -3.202 4.478
14.510 -3.091 4.381
14.535 -2.936 4.138
14.560 -2.780 3.919
14.585 -2.558 3.579
14.610 -2.359 3.288
14.635 -2.137 2.923
14.660 -1.848 2.583
14.685 -1.582 2.145
14.710 -1.293 1.830
14.735 -1.027 1.392
14.760 -0.694 1.003
14.785 -0.516 0.639
14.810 -0.183 0.226
14.835 0.150 -0.163
14.860 0.439 -0.527
14.885 0.705 -0.916
14.910 0.927 -1.208
14.935 1.171 -1.524
14.960 1.393 -1.815
14.985 1.660 -2.058
15.010 1.748 -2.277
15.035 1.948 -2.496
15.060 2.059 -2.642
15.085 2.215 -2.666
15.110 2.281 -2.763
15.135 2.303 -2.787
15.160 2.237 -2.812
15.185 2.281 -2.763
15.210 2.215 -2.690
15.235 2.126 -2.544
15.260 2.037 -2.399
15.285 1.926 -2.156
15.310 1.726 -1.937
15.335 1.526 -1.694
15.360 1.282 -1.329
15.385 1.127 -1.062
15.410 0.860 -0.746
15.435 0.572 -0.357
15.460 0.239 0.031
15.485 0.017 0.347
15.510 -0.272 0.736
15.535 -0.560 1.125
15.560 -0.871 1.538
15.585 -1.115 1.975
15.610 -1.382 2.437
15.635 -1.670 2.753
15.660 -2.003 3.093
15.685 -2.225 3.336
15.710 -2.470 3.725
15.735 -2.647 3.944
15.760 -2.825 4.162
15.785 -2.980 4.405
15.810 -3.202 4.624
15.835 -3.313 4.746
15.860 -3.380 4.843
15.885 -3.424 4.940
15.910 -3.491 4.940
15.935 -3.469 4.916
15.960 -3.513 4.916
15.985 -3.446 4.794
16.010 -3.380 4.721
16.035 -3.224 4.503
16.060 -3.158 4.284
16.085 -2.958 4.065
16.110 -2.825 3.822
16.135 -2.625 3.506
16.160 -2.403 3.239
16.185 -2.137 2.850
16.210 -1.937 2.486
16.235 -1.648 2.170
16.260 -1.293 1.757
16.285 -1.071 1.295
16.310 -0.760 0.979
16.335 -0.494 0.517
16.360 -0.183 0.153
16.385 0.128 -0.236
16.410 0.350 -0.576
16.435 0.661 -0.989
16.460 0.905 -1.329
16.485 1.149 -1.621
16.510 1.371 -1.815
16.535 1.571 -2.107
16.560 1.748 -2.277
16.585 1.926 -2.496
16.610 2.081 -2.617
16.635 2.192 -2.763
16.660 2.215 -2.763
16.685 2.303 -2.812
16.710 2.303 -2.836
16.735 2.237 -2.787
16.760 2.170 -2.666
16.785 2.104 -2.544
16.810 1.970 -2.301
16.835 1.859 -2.204
16.860 1.748 -1.913
16.885 1.571 -1.670
16.910 1.349 -1.354
16.935 1.082 -1.038
16.960 0.927 -0.673
16.985 0.594 -0.333
17.010 0.372 0.007
17.035 0.083 0.372
17.060 -0.250 0.833
17.085 -0.516 1.222
17.110 -0.827 1.611
17.135 -1.093 2.024
17.160 -1.404 2.413
17.186 -1.582 2.777
17.211 -1.892 3.142
17.236 -2.181 3.482
17.261 -2.403 3.846
17.286 -2.581 4.090
17.311 -2.758 4.284
17.336 -2.958 4.478
17.361 -3.136 4.721
17.386 -3.224 4.794
17.411 -3.313 4.940
17.436 -3.358 4.964
17.461 -3.424 4.989
17.486 -3.402 4.989
17.511 -3.402 4.916
17.536 -3.446 4.843
17.561 -3.424 4.648
17.586 -3.247 4.527
17.611 -3.158 4.308
17.636 -2.958 4.065
17.661 -2.803 3.774
17.686 -2.581 3.506
17.711 -2.425 3.166
17.736 -2.181 2.802
17.761 -1.915 2.413
17.786 -1.648 2.048
17.811 -1.404 1.684
17.836 -1.138 1.246
17.861 -0.805 0.882
17.886 -0.494 0.469
17.911 -0.250 0.031
17.936 0.061 -0.333
17.962 0.350 -0.698
17.987 0.594 -1.086
18.012 0.860 -1.378
18.037 1.149 -1.742
18.062 1.349 -1.961
18.087 1.526 -2.204
18.112 1.726 -2.423
18.137 1.859 -2.617
18.162 1.993 -2.739
18.187 2.104 -2.836
18.212 2.192 -2.836
18.237 2.237 -2.909
18.262 2.237 -2.812
18.287 2.259 -2.787
18.312 2.170 -2.666
18.337 2.059 -2.593
18.362 1.993 -2.350
18.387 1.837 -2.180
18.412 1.660 -1.888
18.437 1.549 -1.597
18.465 1.304 -1.281
18.490 1.060 -0.892
18.515 0.794 -0.576
18.540 0.527 -0.236
18.565 0.305 0.153
18.590 -0.005 0.639
18.615 -0.272 1.003
18.640 -0.583 1.368
18.665 -0.893 1.854
18.690 -1.115 2.218
18.715 -1.315 2.583
18.740 -1.626 2.923
18.765 -1.892 3.336
18.790 -2.137 3.628
18.815 -2.403 3.895
18.840 -2.581 4.162
18.865 -2.736 4.430
18.890 -3.002 4.600
18.915 -3.113 4.770
18.940 -3.224 4.964
18.965 -3.335 5.013
18.990 -3.402 5.086
19.015 -3.446 5.086
19.040 -3.446 5.037
19.065 -3.424 4.989
19.090 -3.358 4.843
19.115 -3.313 4.673
19.140 -3.269 4.527
19.165 -3.158 4.260
19.190 -2.914 4.017
19.215 -2.736 3.676
19.240 -2.558 3.409
19.265 -2.336 3.020
19.290 -2.092 2.704
19.315 -1.848 2.364
19.340 -1.604 1.951
19.365 -1.337 1.538
19.390 -1.049 1.076
19.415 -0.782 0.663
19.440 -0.494 0.323
19.465 -0.205 -0.066
19.490 0.083 -0.479
19.515 0.394 -0.843
19.540 0.616 -1.159
19.565 0.905 -1.499
19.591 1.105 -1.791
19.616 1.304 -2.083
19.641 1.549 -2.301
19.666 1.682 -2.544
19.691 1.859 -2.690
19.716 1.970 -2.836
19.741 2.081 -2.885
19.766 2.170 -2.933
19.791 2.215 -2.933
19.816 2.192 -2.860
19.841 2.192 -2.787
19.866 2.170 -2.763
19.891 2.037 -2.520
19.916 1.926 -2.374
19.941 1.771 -2.083
19.966 1.660 -1.840
19.991 1.415 -1.499
20.016 1.260 -1.208
20.041 1.016 -0.868
20.066 0.772 -0.527
20.091 0.550 -0.212
20.116 0.283 0.226
20.141 0.039 0.615
20.166 -0.250 1.052
20.191 -0.560 1.514
20.216 -0.805 1.854
20.241 -1.115 2.291
20.266 -1.360 2.631
20.291 -1.604 3.045
20.316 -1.892 3.336
20.341 -2.114 3.701
20.366 -2.359 3.944
20.391 -2.536 4.284
20.416 -2.780 4.503
20.441 -2.891 4.721
20.466 -3.069 4.843
20.491 -3.202 5.013
20.516 -3.202 5.061
20.541 -3.313 5.086
20.566 -3.358 5.086
20.591 -3.402 5.110
20.616 -3.358 4.940
20.641 -3.313 4.867
20.666 -3.247 4.648
20.691 -3.136 4.503
20.716 -3.025 4.284
20.741 -2.891 4.041
20.766 -2.714 3.725
20.791 -2.536 3.361
20.816 -2.314 2.972
20.841 -2.114 2.656
20.866 -1.848 2.291
20.891 -1.670 1.902
20.916 -1.337 1.465
20.941 -1.071 1.052
20.966 -0.760 0.687
20.991 -0.449 0.274
21.016 -0.227 -0.114
21.041 0.039 -0.527
21.066 0.350 -0.941
21.091 0.572 -1.256
21.116 0.794 -1.524
21.141 1.060 -1.864
21.166 1.282 -2.180
21.191 1.415 -2.374
21.216 1.637 -2.569
21.241 1.793 -2.763
21.266 1.948 -2.885
21.291 1.970 -2.982
21.316 2.081 -3.055
21.341 2.126 -3.055
21.366 2.126 -2.909
21.391 2.170 -2.909
21.416 2.104 -2.739
21.441 1.993 -2.593
21.466 1.882 -2.447
21.491 1.793 -2.131
21.516 1.637 -1.888
21.541 1.482 -1.572
21.566 1.238 -1.232
21.591 0.971 -0.916
21.616 0.838 -0.479
21.641 0.572 -0.114
21.666 0.283 0.274
21.691 0.061 0.663
21.716 -0.227 1.076
21.741 -0.472 1.514
21.766 -0.827 1.878
21.791 -1.093 2.291
21.816 -1.315 2.729
21.841 -1.559 3.045
21.866 -1.848 3.433
21.891 -2.070 3.774
21.916 -2.314 4.065
21.941 -2.558 4.308
21.966 -2.647 4.575
21.991 -2.825 4.746
22.016 -2.980 4.964
22.041 -3.091 5.013
22.066 -3.224 5.110
22.091 -3.247 5.086
22.116 -3.335 5.110
22.141 -3.335 5.134
22.166 -3.358 5.061
22.191 -3.269 4.916
22.216 -3.180 4.746
22.241 -3.069 4.575
22.266 -2.958 4.332
22.291 -2.803 4.065
22.316 -2.669 3.749
22.341 -2.514 3.361
22.366 -2.292 3.045
22.391 -2.070 2.631
22.416 -1.781 2.267
22.441 -1.559 1.830
22.466 -1.293 1.489
22.491 -1.049 1.028
22.516 -0.760 0.639
22.541 -0.516 0.250
22.566 -0.272 -0.236
22.591 0.017 -0.552
22.616 0.283 -0.965
22.641 0.527 -1.354
22.666 0.816 -1.670
22.691 1.016 -1.985
22.716 1.193 -2.253
22.741 1.460 -2.496
22.766 1.615 -2.666
22.791 1.771 -2.836
22.816 1.882 -2.958
22.841 1.948 -3.055
22.866 2.037 -3.055
22.891 2.081 -3.055
22.916 2.081 -3.006
22.941 2.148 -3.006
22.966 2.059 -2.812
22.991 1.993 -2.666
23.016 1.815 -2.423
23.041 1.726 -2.180
23.066 1.571 -1.888
23.091 1.438 -1.597
23.116 1.260 -1.232
23.141 1.038 -0.892
23.166 0.794 -0.479
23.191 0.550 -0.066
23.216 0.261 0.250
23.241 -0.005 0.712
23.266 -0.294 1.173
23.291 -0.538 1.538
23.316 -0.805 1.951
23.341 -1.071 2.364
23.366 -1.293 2.777
23.391 -1.604 3.069
23.416 -1.848 3.482
23.441 -2.070 3.846
23.466 -2.270 4.162
23.491 -2.470 4.357
23.516 -2.669 4.624
23.541 -2.825 4.818
23.566 -2.980 5.061
23.591 -3.091 5.134
23.616 -3.158 5.183
23.641 -3.202 5.207
23.666 -3.269 5.207
23.691 -3.269 5.183
23.716 -3.247 5.086
23.741 -3.202 4.916
23.766 -3.180 4.818
23.791 -3.091 4.575
23.816 -2.980 4.405
23.841 -2.803 4.065
23.866 -2.647 3.822
23.891 -2.492 3.409
23.916 -2.248 3.069
23.941 -2.048 2.680
23.966 -1.826 2.316
23.991 -1.559 1.830
24.016 -1.337 1.416
24.041 -1.071 1.101
24.066 -0.760 0.663
24.091 -0.449 0.201
24.116 -0.183 -0.163
24.141 0.061 -0.673
24.166 0.261 -1.038
24.191 0.572 -1.354
24.216 0.772 -1.694
24.241 0.971 -2.010
24.266 1.193 -2.326
24.291 1.393 -2.544
24.316 1.571 -2.690
24.341 1.748 -2.885
24.366 1.815 -2.982
24.391 1.859 -3.055
24.416 1.926 -3.152
24.441 2.037 -3.128
24.466 1.970 -3.055
24.491 2.037 -2.982
24.516 1.993 -2.885
24.541 1.926 -2.666
24.566 1.793 -2.496
24.591 1.660 -2.204
24.616 1.526 -1.985
24.641 1.393 -1.645
24.666 1.171 -1.256
24.691 0.994 -0.916
24.716 0.727 -0.527
24.741 0.527 -0.114
24.766 0.239 0.274
24.791 -0.050 0.663
24.816 -0.294 1.149
24.841 -0.516 1.538
24.866 -0.805 2.000
24.891 -1.071 2.316
24.916 -1.337 2.826
24.941 -1.537 3.142
24.966 -1.848 3.482
24.991 -2.026 3.822
25.016 -2.292 4.114
25.041 -2.425 4.430
25.066 -2.603 4.673
25.091 -2.758 4.867
25.116 -2.936 4.989
25.141 -3.002 5.134
25.166 -3.069 5.256
25.191 -3.202 5.304
25.216 -3.247 5.280
25.241 -3.313 5.256
25.266 -3.224 5.207
25.291 -3.136 5.037
25.316 -3.091 4.867
25.341 -3.025 4.648
25.366 -2.847 4.430
25.391 -2.803 4.114
25.416 -2.581 3.846
25.441 -2.425 3.506
25.466 -2.225 3.117
25.491 -1.959 2.729
25.516 -1.781 2.316
25.541 -1.537 1.902
25.566 -1.271 1.514
25.591 -1.004 1.028
25.616 -0.827 0.615
25.641 -0.516 0.177
25.666 -0.316 -0.212
25.691 0.017 -0.625
25.716 0.194 -0.989
25.741 0.461 -1.427
25.766 0.705 -1.718
25.791 0.927 -2.083
25.816 1.105 -2.374
25.841 1.349 -2.617
25.866 1.504 -2.787
25.891 1.615 -3.006
25.916 1.771 -3.079
25.941 1.837 -3.176
25.966 1.904 -3.225
25.991 1.970 -3.249
26.016 1.948 -3.128
26.041 1.948 -3.030
26.066 1.859 -2.933
26.091 1.837 -2.763
26.116 1.726 -2.520
26.141 1.660 -2.350
26.166 1.438 -2.034
26.191 1.327 -1.694
26.216 1.149 -1.354
26.241 0.905 -0.965
26.266 0.727 -0.625
26.291 0.505 -0.260
26.316 0.217 0.201
26.341 -0.028 0.663
26.366 -0.294 1.101
26.391 -0.560 1.514
26.416 -0.916 2.000
26.441 -1.115 2.340
26.466 -1.337 2.753
26.491 -1.537 3.117
26.516 -1.804 3.506
26.541 -2.026 3.871
26.566 -2.270 4.211
26.591 -2.470 4.478
26.616 -2.625 4.746
26.641 -2.736 4.940
26.666 -2.869 5.110
26.691 -2.936 5.256
26.716 -3.069 5.329
26.741 -3.113 5.304
26.766 -3.158 5.426
26.791 -3.180 5.329
26.816 -3.202 5.207
26.841 -3.091 5.110
26.866 -3.069 4.940
26.891 -2.914 4.746
26.916 -2.869 4.454
26.941 -2.647 4.211
26.966 -2.558 3.846
26.991 -2.359 3.579
27.016 -2.248 3.239
27.041 -1.959 2.729
27.066 -1.737 2.364
27.091 -1.448 1.975
27.116 -1.271 1.611
27.141 -1.004 1.125
27.166 -0.738 0.639
27.191 -0.449 0.201
27.216 -0.250 -0.236
27.241 0.061 -0.673
27.266 0.350 -1.038
27.291 0.483 -1.427
27.316 0.727 -1.718
27.341 0.994 -2.010
27.366 1.171 -2.350
27.391 1.327 -2.569
27.416 1.549 -2.763
27.441 1.682 -2.933
27.466 1.793 -3.103
27.491 1.793 -3.176
27.516 1.859 -3.225
27.541 1.904 -3.273
27.566 1.904 -3.225
27.591 1.882 -3.152
27.616 1.837 -2.982
27.641 1.771 -2.885
27.666 1.682 -2.642
27.691 1.571 -2.423
27.716 1.393 -2.083
27.741 1.238 -1.767
27.766 1.082 -1.475
27.791 0.927 -1.038
27.816 0.616 -0.649
27.841 0.372 -0.284
27.866 0.128 0.177
27.891 -0.116 0.590
27.917 -0.316 1.125
27.942 -0.538 1.489
27.967 -0.805 1.951
27.992 -1.093 2.389
28.017 -1.360 2.777
28.042 -1.582 3.142
28.067 -1.892 3.458
28.092 -2.070 3.846
28.117 -2.248 4.211
28.142 -2.381 4.527
28.167 -2.625 4.770
28.193 -2.692 5.013
28.218 -2.936 5.134
28.243 -2.958 5.304
28.268 -3.091 5.377
28.293 -3.113 5.402
28.318 -3.158 5.402
28.343 -3.091 5.377
28.368 -3.091 5.353
28.393 -3.047 5.183
28.418 -2.936 5.037
28.443 -2.847 4.770
28.468 -2.780 4.503
28.493 -2.603 4.211
28.518 -2.447 3.992
28.543 -2.292 3.603
28.568 -2.137 3.239
28.593 -1.870 2.753
28.618 -1.648 2.389
28.643 -1.426 1.975
28.668 -1.204 1.562
28.693 -0.960 1.052
28.718 -0.716 0.615
28.743 -0.449 0.177
28.768 -0.161 -0.236
28.793 0.083 -0.649
28.818 0.328 -1.038
28.843 0.594 -1.378
28.868 0.772 -1.742
28.893 1.038 -2.058
28.918 1.171 -2.350
28.943 1.327 -2.666
28.968 1.482 -2.812
28.993 1.615 -2.958
29.018 1.682 -3.152
29.043 1.815 -3.225
29.068 1.837 -3.273
29.093 1.882 -3.298
29.118 1.882 -3.298
29.143 1.926 -3.200
29.168 1.793 -2.982
29.193 1.704 -2.885
29.218 1.637 -2.666
29.243 1.504 -2.423
29.268 1.327 -2.107
29.293 1.193 -1.840
29.318 1.038 -1.475
29.343 0.772 -1.135
29.368 0.550 -0.673
29.393 0.350 -0.260
29.418 0.128 0.104
29.443 -0.139 0.517
29.468 -0.361 0.979
29.493 -0.583 1.465
29.518 -0.871 1.902
29.543 -1.182 2.291
29.568 -1.404 2.729
29.593 -1.648 3.166
29.618 -1.870 3.531
29.643 -2.092 3.895
29.668 -2.270 4.162
29.693 -2.403 4.503
29.718 -2.558 4.746
29.743 -2.692 4.989
29.768 -2.803 5.232
29.793 -2.891 5.329
29.818 -3.002 5.402
29.843 -3.047 5.450
29.868 -3.091 5.450
29.893 -3.113 5.353
29.918 -3.113 5.329
29.943 -3.069 5.159
29.968 -2.936 5.061
29.993 -2.825 4.794
30.018 -2.692 4.624
30.043 -2.536 4.260
30.068 -2.403 3.968
30.093 -2.248 3.652
30.118 -2.070 3.263
30.143 -1.870 2.850
30.168 -1.626 2.461
30.193 -1.360 2.048
30.218 -1.115 1.611
30.243 -0.849 1.125
30.268 -0.694 0.663
30.293 -0.427 0.250
30.318 -0.183 -0.187
30.343 0.106 -0.576
30.368 0.372 -0.916
30.393 0.550 -1.329
30.418 0.816 -1.670
30.443 1.016 -2.034
30.468 1.127 -2.326
30.493 1.349 -2.617
30.518 1.526 -2.836
30.543 1.615 -3.006
30.568 1.704 -3.128
30.593 1.793 -3.298
30.618 1.815 -3.322
30.643 1.837 -3.395
30.668 1.793 -3.322
30.693 1.859 -3.225
30.718 1.704 -3.103
30.743 1.726 -2.909
30.768 1.549 -2.690
30.793 1.438 -2.496
30.818 1.238 -2.131
30.843 1.082 -1.864
30.868 0.927 -1.548
30.893 0.772 -1.184
30.918 0.527 -0.770
30.943 0.283 -0.333
30.968 0.039 0.056
30.993 -0.183 0.445
31.018 -0.494 0.930
31.043 -0.694 1.392
31.068 -1.004 1.830
31.093 -1.160 2.316
31.118 -1.426 2.729
31.143 -1.670 3.093
31.168 -1.915 3.531
31.193 -2.070 3.822
31.218 -2.270 4.211
31.243 -2.403 4.478
31.268 -2.647 4.794
31.293 -2.736 4.940
31.318 -2.869 5.183
31.343 -2.958 5.280
31.368 -2.980 5.426
31.393 -2.958 5.450
31.418 -3.069 5.499
31.443 -3.047 5.377
31.468 -3.047 5.329
31.493 -2.980 5.183
31.518 -2.869 5.061
31.543 -2.758 4.867
31.568 -2.714 4.697
31.593 -2.536 4.332
31.618 -2.336 4.065
31.643 -2.203 3.725
31.668 -2.003 3.361
31.693 -1.804 2.996
31.718 -1.582 2.607
31.743 -1.360 2.073
31.768 -1.093 1.684
31.793 -0.827 1.222
31.818 -0.605 0.809
31.843 -0.272 0.372
31.868 -0.050 -0.017
31.893 0.172 -0.479
31.918 0.350 -0.868
31.943 0.594 -1.256
31.968 0.772 -1.621
31.993 1.016 -1.985
32.018 1.216 -2.253
32.043 1.393 -2.520
32.068 1.460 -2.739
32.093 1.593 -3.030
32.118 1.748 -3.128
32.143 1.793 -3.225
32.168 1.859 -3.249
32.193 1.904 -3.371
32.218 1.859 -3.322
32.243 1.771 -3.273
32.268 1.726 -3.128
32.293 1.660 -2.909
32.318 1.482 -2.714
32.343 1.371 -2.544
32.368 1.193 -2.204
32.393 1.105 -1.961
32.418 0.883 -1.524
32.443 0.683 -1.208
32.468 0.416 -0.795
32.493 0.239 -0.503
32.518 -0.050 -0.041
32.543 -0.250 0.420
32.568 -0.538 0.882
32.593 -0.760 1.344
32.618 -0.982 1.805
32.643 -1.204 2.218
32.668 -1.471 2.631
32.693 -1.648 2.972
32.718 -1.959 3.385
32.743 -2.137 3.798
32.768 -2.359 4.162
32.793 -2.514 4.430
32.818 -2.669 4.697
32.843 -2.714 4.964
32.868 -2.869 5.134
32.893 -2.914 5.280
32.918 -2.980 5.377
32.943 -3.002 5.426
32.968 -3.069 5.426
32.993 -3.025 5.475
33.018 -2.980 5.377
33.043 -2.914 5.232
33.068 -2.914 5.086
33.093 -2.758 4.916
33.118 -2.692 4.648
33.143 -2.514 4.430
33.168 -2.336 4.187
33.193 -2.159 3.749
33.218 -1.981 3.409
33.243 -1.737 3.020
33.268 -1.515 2.631
33.293 -1.271 2.145
33.318 -1.093 1.732
33.343 -0.827 1.271
33.368 -0.560 0.858
33.393 -0.316 0.445
33.418 -0.072 0.007
33.443 0.217 -0.455
33.468 0.416 -0.868
33.494 0.616 -1.281
33.519 0.838 -1.572
33.544 1.016 -1.961
33.569 1.238 -2.228
33.594 1.327 -2.593
33.619 1.482 -2.763
33.644 1.615 -3.030
33.669 1.615 -3.152
33.694 1.771 -3.225
33.719 1.726 -3.298
33.744 1.837 -3.322
33.769 1.815 -3.273
33.794 1.793 -3.200
33.819 1.682 -3.079
33.844 1.593 -3.006
33.869 1.460 -2.812
33.894 1.393 -2.544
33.919 1.193 -2.301
33.944 1.060 -1.985
33.969 0.905 -1.621
33.994 0.705 -1.281
34.019 0.439 -0.892
34.044 0.194 -0.527
34.069 -0.072 -0.066
34.094 -0.294 0.347
34.119 -0.560 0.809
34.144 -0.805 1.246
34.169 -1.049 1.684
34.194 -1.271 2.145
34.219 -1.493 2.559
34.244 -1.715 2.947
34.269 -1.981 3.385
34.294 -2.114 3.652
34.319 -2.336 4.041
34.344 -2.536 4.357
34.369 -2.603 4.600
34.394 -2.736 4.891
34.419 -2.847 5.134
34.444 -3.002 5.232
34.469 -3.047 5.353
34.494 -3.047 5.450
34.519 -3.091 5.475
34.544 -3.091 5.402
34.569 -3.025 5.353
34.594 -2.914 5.280
34.619 -2.780 5.110
34.644 -2.692 4.964
34.669 -2.647 4.721
34.694 -2.425 4.405
34.719 -2.292 4.138
34.744 -2.048 3.871
34.769 -1.915 3.506
34.794 -1.693 3.093
34.819 -1.493 2.680
34.844 -1.182 2.218
34.869 -1.004 1.830
34.894 -0.738 1.344
34.919 -0.494 1.003
34.944 -0.250 0.517
34.969 0.017 0.056
34.994 0.239 -0.382
35.019 0.416 -0.746
35.044 0.661 -1.159
35.069 0.905 -1.524
35.094 1.105 -1.888
35.119 1.260 -2.180
35.144 1.415 -2.447
35.169 1.504 -2.690
35.194 1.593 -2.885
35.219 1.704 -3.030
35.244 1.793 -3.152
35.269 1.815 -3.225
35.294 1.726 -3.298
35.319 1.771 -3.249
35.344 1.748 -3.200
35.369 1.682 -3.055
35.394 1.593 -2.982
35.419 1.482 -2.739
35.444 1.327 -2.544
35.469 1.149 -2.228
35.494 0.971 -2.034
35.519 0.794 -1.621
35.544 0.594 -1.329
35.570 0.350 -0.916
35.595 0.061 -0.503
35.620 -0.139 -0.090
35.645 -0.449 0.274
35.670 -0.627 0.760
35.695 -0.827 1.125
35.720 -1.115 1.635
35.745 -1.337 2.097
35.770 -1.582 2.486
35.795 -1.759 2.899
35.820 -2.048 3.336
35.845 -2.203 3.628
35.870 -2.359 4.017
35.895 -2.514 4.332
35.920 -2.647 4.600
35.945 -2.780 4.818
35.970 -2.891 5.061
35.995 -2.936 5.134
36.020 -3.025 5.256
36.045 -3.091 5.329
36.070 -3.069 5.426
36.095 -3.047 5.377
36.120 -2.958 5.353
36.145 -2.891 5.207
36.170 -2.825 5.061
36.195 -2.669 4.964
36.220 -2.581 4.770
36.245 -2.403 4.454
36.270 -2.248 4.187
36.295 -2.003 3.846
36.320 -1.848 3.482
36.345 -1.626 3.069
36.370 -1.471 2.729
36.395 -1.204 2.243
36.420 -0.960 1.854
36.445 -0.694 1.416
36.470 -0.494 0.979
36.495 -0.205 0.542
36.520 -0.005 0.129
36.545 0.283 -0.309
36.570 0.505 -0.722
36.595 0.727 -1.111
36.620 0.949 -1.475
36.645 1.105 -1.840
36.670 1.282 -2.156
36.695 1.438 -2.423
36.720 1.571 -2.690
36.745 1.682 -2.860
36.770 1.704 -2.958
36.795 1.815 -3.152
36.820 1.837 -3.225
36.845 1.882 -3.249
36.870 1.793 -3.249
36.895 1.771 -3.176
36.920 1.726 -3.103
36.945 1.660 -2.958
36.970 1.504 -2.739
36.995 1.349 -2.544
37.020 1.171 -2.253
37.045 0.949 -2.010
37.070 0.816 -1.670
37.095 0.483 -1.378
37.120 0.328 -0.989
37.145 0.106 -0.625
37.170 -0.183 -0.139
37.195 -0.405 0.226
37.220 -0.649 0.712
37.245 -0.893 1.173
37.270 -1.138 1.562
37.295 -1.404 1.975
37.320 -1.604 2.389
37.345 -1.826 2.777
37.370 -2.048 3.190
37.395 -2.203 3.531
37.420 -2.447 3.919
37.445 -2.581 4.187
37.470 -2.736 4.503
37.495 -2.869 4.721
37.520 -2.980 4.940
37.545 -3.002 5.061
37.570 -3.113 5.207
37.595 -3.069 5.304
37.620 -3.091 5.377
37.645 -3.047 5.353
37.670 -2.980 5.280
37.695 -2.936 5.159
37.720 -2.825 5.037
37.745 -2.625 4.916
37.770 -2.536 4.697
37.795 -2.403 4.454
37.820 -2.270 4.162
37.845 -2.003 3.822
37.870 -1.870 3.458
37.895 -1.604 3.117
37.920 -1.404 2.704
37.945 -1.182 2.291
37.970 -0.960 1.902
37.995 -0.605 1.441
38.020 -0.383 1.052
38.045 -0.094 0.639
38.070 0.083 0.201
38.095 0.328 -0.212
38.120 0.527 -0.625
38.145 0.772 -1.013
38.170 0.971 -1.402
38.195 1.127 -1.742
38.220 1.327 -2.034
38.245 1.504 -2.277
38.270 1.549 -2.496
38.295 1.660 -2.763
38.320 1.793 -2.812
38.345 1.859 -3.030
38.370 1.859 -3.152
38.395 1.859 -3.200
38.420 1.748 -3.176
38.445 1.726 -3.128
38.470 1.660 -3.055
38.495 1.593 -2.909
38.520 1.482 -2.690
38.545 1.371 -2.447
38.570 1.105 -2.253
38.595 0.994 -2.010
38.620 0.705 -1.670
38.645 0.527 -1.329
38.670 0.305 -0.989
38.695 0.061 -0.600
38.720 -0.205 -0.163
38.745 -0.427 0.226
38.770 -0.694 0.663
38.795 -0.916 1.052
38.820 -1.182 1.514
38.845 -1.426 1.854
38.870 -1.693 2.364
38.895 -1.892 2.729
38.920 -1.959 3.166
38.945 -2.292 3.482
38.970 -2.514 3.774
38.995 -2.581 4.114
39.020 -2.803 4.454
39.045 -2.869 4.600
39.070 -2.980 4.794
39.095 -3.069 4.989
39.120 -3.069 5.159
39.145 -3.113 5.207
39.170 -3.136 5.353
39.195 -3.047 5.304
39.220 -3.069 5.232
39.245 -2.958 5.110
39.270 -2.869 5.013
39.295 -2.692 4.818
39.320 -2.581 4.624
39.345 -2.403 4.357
39.370 -2.248 4.114
39.395 -2.026 3.822
39.420 -1.826 3.482
39.445 -1.582 3.045
39.470 -1.337 2.753
39.495 -1.093 2.316
39.520 -0.805 1.927
39.545 -0.605 1.514
39.570 -0.427 1.149
39.595 -0.116 0.639
39.620 0.128 0.250
39.645 0.372 -0.187
39.670 0.616 -0.503
39.695 0.816 -0.916
39.720 1.016 -1.232
39.745 1.193 -1.597
39.770 1.327 -1.913
39.795 1.571 -2.228
39.820 1.660 -2.423
39.845 1.815 -2.666
39.870 1.815 -2.836
39.895 1.859 -2.909
39.920 1.837 -3.079
39.945 1.882 -3.055
39.970 1.748 -3.079
39.995 1.771 -3.055
40.020 1.704 -2.909
40.045 1.615 -2.836
40.070 1.482 -2.714
40.095 1.327 -2.496
40.120 1.105 -2.277
40.145 0.905 -1.985
40.170 0.772 -1.645
40.195 0.550 -1.354
40.220 0.283 -0.916
40.245 0.061 -0.576
40.270 -0.183 -0.212
40.295 -0.427 0.177
40.320 -0.716 0.590
40.345 -0.982 1.003
40.370 -1.293 1.392
40.395 -1.448 1.854
40.420 -1.737 2.291
40.445 -1.915 2.729
40.470 -2.137 3.045
40.495 -2.314 3.433
40.520 -2.447 3.774
40.545 -2.692 4.017
40.570 -2.803 4.308
40.595 -2.891 4.575
40.620 -2.958 4.794
40.645 -3.091 4.916
40.670 -3.158 5.061
40.695 -3.113 5.159
40.720 -3.113 5.183
40.745 -3.047 5.207
40.770 -3.025 5.159
40.795 -3.002 5.086
40.820 -2.825 4.916
40.845 -2.714 4.648
40.870 -2.603 4.575
40.895 -2.403 4.332
40.920 -2.248 4.114
40.945 -2.003 3.798
40.970 -1.826 3.482
40.995 -1.582 3.142
41.020 -1.337 2.729
41.045 -1.115 2.340
41.070 -0.916 1.927
41.095 -0.583 1.514
41.120 -0.316 1.101
41.145 -0.094 0.639
41.170 0.128 0.274
41.195 0.394 -0.139
41.220 0.661 -0.479
41.245 0.860 -0.916
41.270 1.060 -1.232
41.295 1.327 -1.548
41.320 1.438 -1.888
41.345 1.571 -2.204
41.370 1.637 -2.374
41.395 1.771 -2.544
41.420 1.837 -2.739
41.445 1.904 -2.885
41.470 1.904 -2.958
41.495 1.904 -2.933
41.520 1.882 -3.006
41.545 1.793 -2.933
41.570 1.682 -2.909
41.595 1.615 -2.812
41.620 1.482 -2.593
41.645 1.304 -2.423
41.670 1.149 -2.107
41.695 0.949 -1.913
41.720 0.772 -1.597
41.745 0.527 -1.305
41.770 0.261 -0.892
41.795 0.061 -0.600
41.820 -0.227 -0.236
41.845 -0.472 0.153
41.870 -0.716 0.590
41.895 -0.938 1.003
41.920 -1.226 1.416
41.945 -1.448 1.830
41.970 -1.693 2.243
41.995 -1.959 2.631
42.020 -2.181 3.020
42.045 -2.336 3.312
42.070 -2.558 3.652
42.095 -2.714 3.968
42.120 -2.825 4.211
42.145 -2.914 4.454
42.170 -3.025 4.673
42.195 -3.091 4.770
42.220 -3.158 4.964
42.245 -3.113 5.037
42.270 -3.069 5.110
42.295 -3.136 5.134
42.320 -3.069 5.061
42.345 -3.025 4.940
42.370 -2.936 4.818
42.395 -2.803 4.673
42.420 -2.647 4.551
42.445 -2.447 4.260
42.470 -2.270 4.017
42.495 -2.070 3.701
42.520 -1.826 3.433
42.545 -1.559 3.093
42.570 -1.293 2.753
42.595 -1.049 2.364
42.620 -0.805 1.902
42.645 -0.538 1.465
42.670 -0.361 1.101
42.695 -0.050 0.712
42.720 0.128 0.299
42.745 0.416 -0.041
42.770 0.616 -0.479
42.795 0.860 -0.843
42.820 1.105 -1.135
42.845 1.304 -1.499
42.870 1.438 -1.791
42.895 1.615 -2.058
42.920 1.682 -2.301
42.945 1.793 -2.520
42.970 1.859 -2.690
42.995 1.926 -2.763
43.020 1.970 -2.860
43.045 1.970 -2.909
43.070 1.904 -2.909
43.095 1.815 -2.885
43.120 1.704 -2.812
43.145 1.637 -2.739
43.170 1.504 -2.544
43.195 1.371 -2.350
43.220 1.216 -2.131
43.245 0.927 -1.840
43.270 0.749 -1.597
43.295 0.550 -1.256
43.320 0.305 -0.916
43.345 0.083 -0.527
43.370 -0.205 -0.212
43.395 -0.472 0.177
43.420 -0.694 0.590
43.445 -1.004 1.003
43.470 -1.249 1.416
43.495 -1.493 1.781
43.520 -1.759 2.218
43.545 -2.003 2.607
43.570 -2.203 2.947
43.595 -2.381 3.239
43.620 -2.558 3.603
43.645 -2.736 3.895
43.670 -2.869 4.138
43.695 -2.936 4.381
43.720 -3.025 4.600
43.745 -3.136 4.770
43.770 -3.158 4.940
43.795 -3.202 4.940
43.820 -3.202 4.989
43.845 -3.158 5.013
43.870 -3.136 5.037
43.895 -3.002 4.891
43.920 -2.891 4.721
43.945 -2.758 4.624
43.970 -2.647 4.405
43.995 -2.470 4.211
44.020 -2.314 3.919
44.045 -2.092 3.652
44.070 -1.848 3.336
44.095 -1.648 3.045
44.120 -1.404 2.680
44.145 -1.115 2.291
44.170 -0.805 1.927
44.195 -0.560 1.611
44.220 -0.272 1.101
44.245 -0.028 0.712
44.270 0.283 0.299
44.295 0.461 -0.041
44.320 0.705 -0.406
44.345 0.905 -0.746
44.370 1.082 -1.111
44.395 1.327 -1.475
44.420 1.482 -1.742
44.445 1.682 -2.010
44.470 1.793 -2.228
44.495 1.837 -2.471
44.520 1.948 -2.642
44.545 1.948 -2.666
44.570 1.993 -2.787
44.595 2.037 -2.836
44.620 1.993 -2.812
44.645 1.948 -2.763
44.670 1.859 -2.642
44.695 1.682 -2.569
44.720 1.549 -2.447
44.745 1.393 -2.228
44.770 1.216 -1.985
44.795 0.994 -1.791
44.820 0.749 -1.524
44.845 0.572 -1.184
44.876 0.261 -0.795
