3.3.2 - antisymmetrische Eigenschwingung bei $39.2cm$
0.025 -0.671 1.416
0.050 -1.160 2.170
0.076 -1.582 2.777
0.101 -1.915 3.312
0.126 -2.248 3.774
0.151 -2.558 4.260
0.176 -2.736 4.721
0.201 -2.936 5.134
0.226 -3.202 5.426
0.251 -3.469 5.718
0.276 -3.646 5.961
0.301 -3.802 6.131
0.326 -3.868 6.276
0.351 -3.868 6.349
0.376 -3.868 6.349
0.401 -3.846 6.228
0.426 -3.802 6.131
0.451 -3.713 5.912
0.476 -3.557 5.645
0.501 -3.424 5.353
0.526 -3.158 4.989
0.551 -2.869 4.600
0.576 -2.625 4.162
0.601 -2.425 3.701
0.626 -2.048 3.117
0.651 -1.759 2.607
0.676 -1.448 2.097
0.701 -1.115 1.514
0.726 -0.716 0.979
0.751 -0.405 0.445
0.776 -0.050 -0.041
0.801 0.172 -0.527
0.826 0.527 -1.013
0.851 0.816 -1.427
0.876 1.060 -1.815
0.901 1.260 -2.156
0.926 1.526 -2.496
0.951 1.704 -2.739
0.976 1.859 -2.885
1.001 1.926 -3.030
1.026 1.948 -3.128
1.051 1.970 -3.079
1.076 1.993 -3.006
1.101 1.970 -2.933
1.126 1.815 -2.763
1.151 1.726 -2.496
1.176 1.549 -2.253
1.201 1.327 -1.913
1.226 1.105 -1.524
1.251 0.883 -1.038
1.276 0.616 -0.698
1.301 0.305 -0.163
1.326 -0.028 0.347
1.351 -0.338 0.882
1.376 -0.671 1.416
1.401 -1.004 2.024
1.426 -1.337 2.559
1.451 -1.693 3.093
1.476 -1.959 3.628
1.501 -2.248 4.114
1.526 -2.558 4.551
1.551 -2.847 4.964
1.576 -3.047 5.353
1.601 -3.291 5.669
1.626 -3.491 5.961
1.651 -3.624 6.228
1.676 -3.691 6.349
1.701 -3.802 6.447
1.726 -3.824 6.471
1.751 -3.802 6.471
1.776 -3.757 6.325
1.801 -3.735 6.155
1.826 -3.557 5.936
1.851 -3.402 5.645
1.876 -3.224 5.329
1.901 -3.047 4.940
1.926 -2.803 4.478
1.951 -2.514 4.041
1.976 -2.225 3.531
2.001 -1.959 2.972
2.026 -1.648 2.437
2.051 -1.337 1.878
2.076 -0.960 1.295
2.101 -0.605 0.760
2.126 -0.294 0.177
2.151 0.039 -0.284
2.176 0.328 -0.819
2.201 0.661 -1.232
2.226 0.905 -1.694
2.251 1.127 -2.058
2.276 1.349 -2.374
2.301 1.504 -2.714
2.326 1.704 -2.958
2.351 1.793 -3.103
2.376 1.882 -3.200
2.401 1.882 -3.225
2.426 1.904 -3.225
2.451 1.859 -3.152
2.476 1.815 -3.079
2.501 1.660 -2.787
2.526 1.549 -2.520
2.551 1.371 -2.253
2.576 1.127 -1.864
2.601 0.905 -1.451
2.626 0.683 -0.989
2.651 0.394 -0.576
2.676 0.128 -0.114
2.701 -0.205 0.469
2.726 -0.494 1.076
2.751 -0.849 1.611
2.776 -1.160 2.170
2.801 -1.493 2.753
2.826 -1.804 3.239
2.851 -2.092 3.798
2.876 -2.403 4.284
2.901 -2.647 4.648
2.926 -2.936 5.159
2.951 -3.180 5.523
2.976 -3.335 5.815
3.001 -3.513 6.155
3.026 -3.646 6.374
3.051 -3.691 6.519
3.076 -3.735 6.519
3.101 -3.757 6.495
3.126 -3.779 6.519
3.151 -3.624 6.422
3.176 -3.557 6.204
3.201 -3.402 5.985
3.226 -3.269 5.645
3.251 -3.091 5.280
3.276 -2.803 4.867
3.301 -2.581 4.503
3.326 -2.292 3.992
3.351 -2.026 3.482
3.376 -1.693 2.923
3.401 -1.360 2.413
3.426 -1.093 1.805
3.451 -0.738 1.271
3.476 -0.405 0.663
3.501 -0.116 0.129
3.526 0.194 -0.382
3.551 0.505 -0.868
3.576 0.749 -1.354
3.601 1.038 -1.767
3.626 1.238 -2.156
3.651 1.415 -2.544
3.676 1.526 -2.763
3.701 1.682 -2.958
3.726 1.815 -3.103
3.751 1.904 -3.225
3.776 1.859 -3.249
3.801 1.882 -3.249
3.826 1.793 -3.128
3.851 1.726 -3.030
3.876 1.637 -2.836
3.901 1.415 -2.544
3.926 1.238 -2.253
3.951 1.016 -1.840
3.976 0.727 -1.451
4.001 0.483 -1.038
4.026 0.194 -0.527
4.051 -0.072 -0.017
4.076 -0.427 0.517
4.101 -0.716 1.052
4.126 -1.049 1.659
4.151 -1.426 2.218
4.176 -1.670 2.753
4.201 -1.981 3.312
4.226 -2.292 3.822
4.251 -2.514 4.308
4.276 -2.758 4.746
4.301 -3.025 5.134
4.326 -3.291 5.547
4.351 -3.402 5.815
4.376 -3.557 6.106
4.401 -3.668 6.301
4.426 -3.691 6.471
4.451 -3.757 6.471
4.476 -3.735 6.519
4.501 -3.668 6.422
4.526 -3.624 6.301
4.551 -3.469 6.106
4.576 -3.335 5.839
4.601 -3.158 5.547
4.626 -2.936 5.183
4.651 -2.669 4.794
4.676 -2.403 4.381
4.701 -2.092 3.871
4.726 -1.826 3.385
4.751 -1.515 2.850
4.776 -1.160 2.267
4.801 -0.871 1.708
4.826 -0.605 1.198
4.851 -0.205 0.615
4.876 0.017 0.056
4.901 0.394 -0.455
4.926 0.661 -0.892
4.951 0.927 -1.329
4.976 1.127 -1.718
5.001 1.371 -2.083
5.026 1.571 -2.423
5.051 1.704 -2.666
5.076 1.815 -2.836
5.101 1.904 -3.030
5.126 1.926 -3.152
5.151 1.948 -3.152
5.176 1.859 -3.152
5.201 1.815 -3.030
5.226 1.682 -2.885
5.251 1.571 -2.666
5.276 1.371 -2.399
5.301 1.193 -2.058
5.326 0.949 -1.694
5.351 0.661 -1.305
5.376 0.394 -0.843
5.401 0.039 -0.357
5.426 -0.227 0.129
5.451 -0.538 0.687
5.476 -0.893 1.222
5.501 -1.204 1.781
5.526 -1.537 2.316
5.551 -1.870 2.850
5.576 -2.181 3.385
5.601 -2.470 3.846
5.626 -2.780 4.357
5.651 -2.980 4.794
5.676 -3.202 5.183
5.701 -3.446 5.499
5.726 -3.557 5.815
5.751 -3.668 6.034
5.776 -3.735 6.252
5.801 -3.779 6.325
5.826 -3.846 6.374
5.851 -3.779 6.301
5.876 -3.735 6.325
5.901 -3.624 6.155
5.926 -3.535 5.888
5.951 -3.291 5.645
5.976 -3.113 5.329
6.001 -2.891 4.964
6.026 -2.603 4.624
6.051 -2.314 4.090
6.076 -2.003 3.652
6.101 -1.693 3.117
6.126 -1.382 2.607
6.151 -1.071 2.097
6.176 -0.694 1.587
6.201 -0.405 1.028
6.226 -0.072 0.469
6.251 0.239 -0.041
6.276 0.572 -0.479
6.301 0.838 -0.965
6.326 1.082 -1.427
6.351 1.282 -1.791
6.376 1.504 -2.107
6.401 1.726 -2.399
6.426 1.815 -2.642
6.451 1.904 -2.860
6.476 1.948 -2.933
6.501 2.059 -2.982
6.526 2.015 -2.958
6.551 1.993 -2.909
6.576 1.904 -2.836
6.601 1.748 -2.617
6.626 1.571 -2.374
6.651 1.371 -2.131
6.676 1.149 -1.742
6.701 0.860 -1.402
6.726 0.616 -0.989
6.751 0.350 -0.552
6.776 -0.050 -0.090
6.801 -0.338 0.396
6.826 -0.671 0.955
6.851 -1.004 1.489
6.876 -1.382 2.024
6.901 -1.715 2.559
6.926 -2.026 3.069
6.951 -2.270 3.506
6.976 -2.581 4.041
7.001 -2.847 4.527
7.026 -3.091 4.843
7.051 -3.291 5.207
7.076 -3.535 5.547
7.101 -3.624 5.790
7.126 -3.757 5.985
7.151 -3.802 6.131
7.176 -3.868 6.228
7.201 -3.868 6.228
7.226 -3.846 6.155
7.251 -3.779 6.082
7.276 -3.646 5.912
7.301 -3.446 5.620
7.326 -3.291 5.377
7.351 -3.091 4.964
7.376 -2.891 4.697
7.401 -2.625 4.260
7.426 -2.314 3.774
7.451 -1.937 3.312
7.476 -1.670 2.802
7.501 -1.337 2.243
7.526 -0.982 1.781
7.551 -0.627 1.222
7.576 -0.338 0.736
7.601 -0.028 0.226
7.626 0.328 -0.284
7.651 0.683 -0.722
7.676 0.905 -1.135
7.701 1.149 -1.572
7.726 1.349 -1.913
7.751 1.593 -2.180
7.776 1.771 -2.423
7.801 1.904 -2.642
7.826 2.015 -2.763
7.851 2.059 -2.885
7.876 2.015 -2.860
7.901 2.037 -2.836
7.926 1.926 -2.714
7.951 1.837 -2.642
7.976 1.682 -2.423
8.001 1.571 -2.156
8.026 1.349 -1.888
8.051 1.082 -1.524
8.076 0.816 -1.111
8.101 0.572 -0.673
8.126 0.261 -0.212
8.151 -0.050 0.250
8.176 -0.361 0.785
8.201 -0.694 1.271
8.226 -1.049 1.830
8.251 -1.382 2.389
8.276 -1.737 2.923
8.301 -2.026 3.409
8.326 -2.336 3.846
8.351 -2.625 4.284
8.376 -2.936 4.721
8.401 -3.158 5.037
8.426 -3.380 5.426
8.451 -3.513 5.693
8.476 -3.668 5.863
8.501 -3.735 6.082
8.526 -3.868 6.179
8.551 -3.846 6.228
8.576 -3.890 6.228
8.601 -3.824 6.155
8.626 -3.691 5.985
8.651 -3.646 5.742
8.676 -3.446 5.450
8.701 -3.269 5.134
8.726 -3.047 4.794
8.751 -2.825 4.332
8.776 -2.581 3.944
8.801 -2.270 3.433
8.826 -1.915 2.972
8.851 -1.626 2.486
8.876 -1.293 1.951
8.901 -0.960 1.392
8.926 -0.605 0.882
8.951 -0.250 0.372
8.976 0.039 -0.114
9.001 0.305 -0.625
9.026 0.594 -1.038
9.051 0.883 -1.451
9.076 1.149 -1.767
9.101 1.371 -2.156
9.126 1.549 -2.374
9.151 1.704 -2.666
9.176 1.815 -2.787
9.201 1.859 -2.933
9.226 1.970 -2.885
9.251 1.970 -2.958
9.276 1.993 -2.836
9.301 1.904 -2.714
9.326 1.771 -2.520
9.351 1.637 -2.301
9.376 1.460 -2.010
9.401 1.216 -1.718
9.426 1.016 -1.305
9.451 0.749 -0.892
9.476 0.483 -0.382
9.501 0.261 0.080
9.526 -0.139 0.566
9.551 -0.449 1.052
9.576 -0.827 1.611
9.601 -1.138 2.121
9.626 -1.426 2.680
9.651 -1.737 3.215
9.676 -2.048 3.701
9.701 -2.336 4.187
9.726 -2.692 4.624
9.751 -2.914 4.964
9.776 -3.202 5.329
9.801 -3.335 5.620
9.826 -3.491 5.863
9.851 -3.646 6.082
9.876 -3.757 6.276
9.901 -3.779 6.301
9.926 -3.846 6.325
9.951 -3.757 6.276
9.976 -3.713 6.155
10.001 -3.624 5.961
10.026 -3.535 5.693
10.051 -3.291 5.377
10.076 -3.158 5.086
10.101 -2.936 4.600
10.126 -2.714 4.187
10.151 -2.425 3.798
10.176 -2.137 3.312
10.201 -1.848 2.704
10.226 -1.537 2.243
10.251 -1.182 1.659
10.276 -0.893 1.173
10.301 -0.560 0.590
10.326 -0.250 0.080
10.351 0.106 -0.430
10.376 0.394 -0.843
10.401 0.638 -1.329
10.426 0.883 -1.718
10.451 1.171 -2.034
10.476 1.371 -2.350
10.501 1.526 -2.666
10.526 1.660 -2.860
10.551 1.793 -2.958
10.576 1.904 -3.055
10.601 1.926 -3.079
10.626 1.882 -3.055
10.651 1.859 -2.958
10.676 1.815 -2.763
10.701 1.704 -2.593
10.726 1.526 -2.301
10.751 1.327 -2.010
10.776 1.082 -1.645
10.801 0.905 -1.232
10.826 0.594 -0.770
10.851 0.372 -0.260
10.876 0.039 0.226
10.901 -0.227 0.712
10.926 -0.605 1.295
10.951 -0.938 1.830
10.976 -1.249 2.413
11.001 -1.537 2.947
11.026 -1.892 3.458
11.051 -2.137 3.919
11.076 -2.425 4.405
11.101 -2.692 4.818
11.126 -2.958 5.207
11.151 -3.136 5.596
11.176 -3.313 5.888
11.201 -3.424 6.058
11.226 -3.580 6.252
11.251 -3.602 6.374
11.276 -3.735 6.447
11.301 -3.735 6.471
11.326 -3.691 6.374
11.351 -3.624 6.204
11.376 -3.513 6.009
11.401 -3.380 5.718
11.426 -3.202 5.426
11.451 -2.980 5.086
11.476 -2.780 4.697
11.501 -2.470 4.162
11.526 -2.248 3.676
11.551 -1.937 3.190
11.576 -1.648 2.704
11.601 -1.382 2.097
11.626 -1.004 1.562
11.651 -0.716 0.979
11.676 -0.361 0.542
11.701 -0.028 -0.041
11.726 0.217 -0.503
11.751 0.505 -1.038
11.776 0.749 -1.451
11.801 1.016 -1.840
11.826 1.171 -2.204
11.851 1.393 -2.520
11.876 1.526 -2.739
11.901 1.704 -2.933
11.926 1.704 -3.030
11.951 1.771 -3.176
11.976 1.793 -3.249
12.001 1.815 -3.152
12.026 1.771 -2.982
12.051 1.660 -2.860
12.076 1.526 -2.617
12.101 1.304 -2.350
12.126 1.127 -1.937
12.151 0.949 -1.621
12.176 0.727 -1.159
12.201 0.416 -0.746
12.226 0.106 -0.236
12.251 -0.161 0.226
12.276 -0.494 0.858
12.301 -0.805 1.392
12.326 -1.182 1.975
12.351 -1.404 2.510
12.376 -1.693 3.045
12.401 -2.026 3.531
12.426 -2.336 4.017
12.451 -2.625 4.478
12.476 -2.869 4.891
12.501 -3.047 5.232
12.526 -3.224 5.645
12.551 -3.358 5.888
12.576 -3.513 6.204
12.601 -3.580 6.325
12.626 -3.668 6.422
12.651 -3.646 6.447
12.676 -3.691 6.447
12.701 -3.580 6.325
12.726 -3.491 6.252
12.751 -3.424 6.034
12.776 -3.269 5.718
12.801 -3.002 5.402
12.826 -2.780 5.037
12.851 -2.558 4.600
12.876 -2.314 4.138
12.901 -2.026 3.628
12.926 -1.781 3.117
12.951 -1.426 2.534
12.976 -1.115 2.048
13.001 -0.827 1.489
13.026 -0.516 0.930
13.051 -0.161 0.420
13.076 0.061 -0.041
13.101 0.394 -0.625
13.126 0.661 -1.038
13.151 0.883 -1.475
13.176 1.149 -1.864
13.201 1.304 -2.253
13.226 1.504 -2.520
13.251 1.660 -2.812
13.276 1.748 -2.933
13.301 1.837 -3.055
13.326 1.837 -3.103
13.351 1.837 -3.128
13.376 1.748 -3.030
13.401 1.748 -2.909
13.426 1.593 -2.739
13.451 1.438 -2.520
13.476 1.238 -2.228
13.501 1.038 -1.961
13.526 0.749 -1.499
13.551 0.594 -1.086
13.576 0.239 -0.625
13.601 -0.072 -0.139
13.626 -0.383 0.372
13.651 -0.649 0.882
13.676 -1.004 1.441
13.701 -1.293 1.951
13.726 -1.626 2.510
13.751 -1.892 3.020
13.776 -2.203 3.531
13.801 -2.447 4.065
13.826 -2.736 4.503
13.851 -3.002 4.891
13.876 -3.202 5.304
13.901 -3.313 5.596
13.926 -3.491 5.888
13.951 -3.602 6.082
13.976 -3.691 6.252
14.001 -3.713 6.349
14.026 -3.735 6.349
14.051 -3.713 6.325
14.076 -3.646 6.252
14.101 -3.513 6.034
14.126 -3.424 5.863
14.151 -3.202 5.620
14.176 -3.025 5.304
14.201 -2.758 4.867
14.226 -2.536 4.430
14.251 -2.248 3.944
14.276 -1.959 3.458
14.301 -1.604 3.020
14.326 -1.293 2.486
14.351 -1.027 1.975
14.376 -0.649 1.441
14.401 -0.383 0.858
14.426 -0.028 0.372
14.451 0.261 -0.114
14.476 0.527 -0.576
14.501 0.794 -1.086
14.526 1.060 -1.475
14.551 1.304 -1.864
14.576 1.460 -2.156
14.601 1.637 -2.423
14.626 1.726 -2.666
14.651 1.859 -2.812
14.676 1.904 -2.909
14.701 1.882 -2.958
14.726 1.882 -2.933
14.751 1.793 -2.909
14.776 1.704 -2.787
14.801 1.593 -2.569
14.826 1.415 -2.277
14.851 1.193 -2.034
14.876 0.994 -1.694
14.901 0.727 -1.281
14.926 0.461 -0.843
14.951 0.172 -0.382
14.976 -0.139 0.031
15.001 -0.472 0.566
15.026 -0.827 1.101
15.051 -1.093 1.635
15.076 -1.426 2.145
15.101 -1.759 2.656
15.126 -2.092 3.166
15.151 -2.403 3.603
15.176 -2.647 4.114
15.201 -2.891 4.527
15.226 -3.136 4.916
15.251 -3.358 5.280
15.276 -3.513 5.596
15.301 -3.624 5.790
15.326 -3.713 5.985
15.351 -3.757 6.082
15.376 -3.824 6.155
15.401 -3.757 6.155
15.426 -3.713 6.106
15.451 -3.646 5.985
15.476 -3.535 5.839
15.501 -3.335 5.596
15.526 -3.180 5.256
15.551 -2.936 4.940
15.576 -2.669 4.600
15.601 -2.425 4.187
15.626 -2.159 3.701
15.651 -1.870 3.190
15.676 -1.559 2.729
15.701 -1.160 2.170
15.726 -0.827 1.659
15.751 -0.516 1.125
15.776 -0.183 0.663
15.801 0.106 0.153
15.826 0.416 -0.309
15.851 0.749 -0.770
15.876 0.971 -1.159
15.901 1.171 -1.548
15.926 1.438 -1.840
15.951 1.571 -2.131
15.976 1.726 -2.423
16.001 1.837 -2.593
16.026 1.904 -2.690
16.051 1.970 -2.836
16.076 1.904 -2.836
16.101 1.948 -2.763
16.126 1.837 -2.617
16.151 1.726 -2.496
16.176 1.615 -2.277
16.201 1.438 -2.034
16.226 1.149 -1.718
16.251 0.949 -1.354
16.276 0.727 -0.965
16.301 0.461 -0.552
16.326 0.083 -0.114
16.351 -0.183 0.372
16.376 -0.494 0.882
16.401 -0.805 1.344
16.426 -1.204 1.902
16.451 -1.537 2.389
16.476 -1.870 2.923
16.501 -2.137 3.409
16.526 -2.425 3.871
16.551 -2.669 4.357
16.576 -2.936 4.721
16.601 -3.158 5.037
16.626 -3.358 5.402
16.651 -3.513 5.620
16.676 -3.646 5.839
16.701 -3.735 5.961
16.726 -3.868 6.058
16.751 -3.779 6.131
16.776 -3.846 6.106
16.801 -3.735 6.009
16.826 -3.668 5.839
16.851 -3.491 5.669
16.876 -3.358 5.377
16.901 -3.180 5.061
16.926 -2.980 4.648
16.951 -2.714 4.260
16.976 -2.470 3.846
17.001 -2.114 3.409
17.026 -1.848 2.947
17.051 -1.471 2.413
17.076 -1.138 1.830
17.101 -0.782 1.319
17.126 -0.516 0.833
17.151 -0.183 0.372
17.176 0.128 -0.139
17.201 0.461 -0.552
17.226 0.749 -0.965
17.251 0.994 -1.402
17.276 1.193 -1.742
17.301 1.393 -2.058
17.326 1.571 -2.326
17.351 1.793 -2.520
17.376 1.882 -2.666
17.401 1.859 -2.812
17.426 1.948 -2.787
17.451 1.948 -2.812
17.476 1.904 -2.666
17.501 1.815 -2.593
17.526 1.660 -2.374
17.551 1.526 -2.131
17.576 1.349 -1.815
17.601 1.171 -1.499
17.626 0.927 -1.111
17.651 0.683 -0.746
17.676 0.328 -0.309
17.701 0.061 0.226
17.726 -0.227 0.712
17.751 -0.538 1.246
17.776 -0.871 1.732
17.801 -1.226 2.243
17.826 -1.604 2.753
17.851 -1.848 3.215
17.876 -2.203 3.725
17.901 -2.447 4.162
17.926 -2.714 4.600
17.951 -2.958 4.989
17.976 -3.158 5.256
18.001 -3.358 5.547
18.026 -3.491 5.815
18.051 -3.646 5.961
18.076 -3.691 6.106
18.101 -3.779 6.131
18.126 -3.757 6.155
18.151 -3.713 6.009
18.176 -3.646 5.912
18.201 -3.580 5.766
18.226 -3.469 5.499
18.251 -3.291 5.207
18.276 -3.091 4.867
18.301 -2.869 4.430
18.326 -2.625 4.065
18.351 -2.314 3.579
18.376 -2.048 3.142
18.401 -1.693 2.583
18.426 -1.360 2.048
18.451 -1.093 1.562
18.476 -0.805 1.003
18.501 -0.405 0.493
18.526 -0.094 -0.017
18.551 0.128 -0.455
18.576 0.416 -0.916
18.601 0.727 -1.305
18.626 0.994 -1.694
18.651 1.238 -1.985
18.676 1.438 -2.301
18.701 1.549 -2.520
18.726 1.726 -2.690
18.751 1.837 -2.860
18.776 1.793 -2.885
18.801 1.904 -2.909
18.826 1.882 -2.836
18.851 1.837 -2.763
18.876 1.682 -2.617
18.901 1.637 -2.447
18.926 1.438 -2.107
18.951 1.238 -1.718
18.976 1.016 -1.427
19.001 0.772 -1.038
19.026 0.572 -0.625
19.051 0.283 -0.090
19.076 -0.028 0.347
19.101 -0.316 0.955
19.126 -0.627 1.392
19.151 -0.916 1.951
19.176 -1.293 2.437
19.201 -1.648 2.996
19.226 -1.915 3.506
19.251 -2.248 3.968
19.276 -2.447 4.454
19.301 -2.714 4.867
19.326 -3.002 5.232
19.351 -3.136 5.572
19.376 -3.335 5.863
19.401 -3.491 6.009
19.426 -3.580 6.179
19.451 -3.668 6.252
19.476 -3.668 6.276
19.501 -3.691 6.228
19.526 -3.646 6.155
19.551 -3.580 5.961
19.576 -3.513 5.742
19.601 -3.313 5.475
19.626 -3.113 5.159
19.651 -2.891 4.794
19.676 -2.714 4.405
19.701 -2.470 3.968
19.726 -2.181 3.458
19.751 -1.848 2.996
19.776 -1.559 2.461
19.801 -1.271 1.927
19.826 -0.982 1.344
19.851 -0.605 0.833
19.876 -0.405 0.347
19.901 -0.005 -0.187
19.926 0.261 -0.673
19.951 0.505 -1.111
19.976 0.772 -1.451
20.001 0.971 -1.864
20.026 1.149 -2.180
20.051 1.371 -2.471
20.076 1.526 -2.714
20.101 1.660 -2.836
20.126 1.771 -2.958
20.151 1.726 -2.982
20.176 1.793 -3.030
20.201 1.771 -2.933
20.226 1.704 -2.812
20.251 1.615 -2.617
20.276 1.482 -2.374
20.301 1.282 -2.083
20.326 1.082 -1.791
20.351 0.816 -1.378
20.376 0.616 -0.965
20.401 0.305 -0.455
20.426 0.128 0.031
20.451 -0.183 0.493
20.476 -0.494 0.979
20.501 -0.849 1.538
20.526 -1.093 2.073
20.551 -1.471 2.607
20.576 -1.715 3.142
20.601 -2.092 3.652
20.626 -2.314 4.065
20.651 -2.581 4.575
20.676 -2.825 4.989
20.701 -3.002 5.329
20.726 -3.224 5.620
20.751 -3.402 5.912
20.776 -3.557 6.106
20.801 -3.557 6.228
20.826 -3.624 6.349
20.851 -3.646 6.398
20.876 -3.602 6.301
20.901 -3.513 6.204
20.926 -3.446 6.058
20.951 -3.358 5.863
20.976 -3.180 5.475
21.001 -3.025 5.159
21.026 -2.825 4.867
21.051 -2.536 4.454
21.076 -2.314 3.944
21.101 -2.070 3.482
21.126 -1.737 2.972
21.151 -1.404 2.437
21.176 -1.115 1.854
21.201 -0.805 1.344
21.226 -0.449 0.785
21.251 -0.183 0.250
21.276 0.061 -0.260
21.301 0.350 -0.698
21.326 0.638 -1.135
21.351 0.905 -1.548
21.376 1.082 -1.913
21.401 1.282 -2.228
21.426 1.460 -2.520
21.451 1.571 -2.739
21.476 1.704 -2.909
21.501 1.704 -3.006
21.526 1.771 -3.030
21.551 1.771 -2.958
21.576 1.726 -2.958
21.601 1.571 -2.812
21.626 1.438 -2.642
21.651 1.282 -2.399
21.676 1.149 -2.131
21.701 0.905 -1.718
21.726 0.705 -1.402
21.751 0.439 -0.868
21.776 0.217 -0.479
21.801 -0.139 -0.017
21.826 -0.405 0.517
21.851 -0.760 1.076
21.876 -1.049 1.611
21.901 -1.360 2.121
21.926 -1.648 2.631
21.951 -1.915 3.190
21.976 -2.181 3.725
22.001 -2.492 4.138
22.026 -2.714 4.503
22.051 -2.980 4.989
22.076 -3.158 5.329
22.101 -3.358 5.693
22.126 -3.469 5.863
22.151 -3.557 6.131
22.176 -3.624 6.252
22.201 -3.646 6.349
22.226 -3.624 6.301
22.251 -3.624 6.252
22.276 -3.535 6.155
22.301 -3.402 5.985
22.326 -3.269 5.742
22.351 -3.091 5.426
22.376 -2.869 5.110
22.401 -2.669 4.794
22.426 -2.425 4.357
22.451 -2.114 3.895
22.476 -1.892 3.385
22.501 -1.604 2.874
22.526 -1.249 2.267
22.551 -0.960 1.781
22.576 -0.627 1.246
22.601 -0.272 0.736
22.626 0.017 0.226
22.651 0.261 -0.284
22.676 0.550 -0.722
22.701 0.794 -1.159
22.726 1.016 -1.572
22.751 1.260 -1.888
22.776 1.438 -2.228
22.801 1.571 -2.447
22.826 1.704 -2.666
22.851 1.726 -2.787
22.876 1.771 -2.909
22.901 1.771 -2.933
22.926 1.748 -2.982
22.951 1.704 -2.836
22.976 1.549 -2.739
23.001 1.438 -2.520
23.026 1.304 -2.301
23.051 1.105 -1.985
23.076 0.883 -1.621
23.101 0.594 -1.208
23.126 0.283 -0.770
23.151 0.039 -0.333
23.176 -0.250 0.104
23.201 -0.583 0.615
23.226 -0.871 1.198
23.251 -1.226 1.659
23.276 -1.471 2.243
23.301 -1.759 2.753
23.326 -2.048 3.239
23.351 -2.381 3.725
23.376 -2.625 4.138
23.401 -2.891 4.624
23.426 -3.113 4.940
23.451 -3.313 5.304
23.476 -3.491 5.572
23.501 -3.535 5.790
23.526 -3.624 5.985
23.551 -3.757 6.082
23.576 -3.691 6.155
23.601 -3.691 6.179
23.626 -3.668 6.058
23.651 -3.580 5.961
23.676 -3.402 5.766
23.701 -3.291 5.523
23.726 -3.025 5.207
23.751 -2.847 4.891
23.776 -2.581 4.527
23.801 -2.314 4.090
23.826 -2.003 3.652
23.851 -1.759 3.190
23.876 -1.426 2.729
23.901 -1.138 2.194
23.926 -0.782 1.659
23.951 -0.472 1.149
23.976 -0.161 0.663
24.001 0.128 0.129
24.026 0.439 -0.382
24.051 0.727 -0.819
24.076 0.949 -1.232
24.101 1.171 -1.451
24.126 1.371 -1.864
24.151 1.571 -2.131
24.176 1.682 -2.374
24.201 1.748 -2.544
24.226 1.882 -2.690
24.251 1.859 -2.739
24.276 1.815 -2.812
24.301 1.793 -2.739
24.326 1.704 -2.642
24.351 1.593 -2.447
24.376 1.526 -2.228
24.401 1.282 -1.961
24.426 1.082 -1.645
24.451 0.838 -1.281
24.476 0.572 -0.916
24.501 0.305 -0.503
24.526 -0.005 -0.066
24.551 -0.272 0.396
24.576 -0.583 0.882
24.601 -0.960 1.392
24.626 -1.271 1.878
24.651 -1.626 2.437
24.676 -1.937 2.899
24.701 -2.270 3.385
24.726 -2.447 3.822
24.751 -2.758 4.235
24.776 -2.958 4.673
24.801 -3.202 5.061
24.826 -3.335 5.353
24.851 -3.535 5.596
24.876 -3.624 5.790
24.901 -3.713 5.985
24.926 -3.779 6.058
24.951 -3.802 6.082
24.976 -3.757 5.961
25.001 -3.757 5.936
25.026 -3.580 5.766
25.051 -3.469 5.596
25.076 -3.269 5.280
25.101 -3.091 4.940
25.126 -2.803 4.624
25.151 -2.603 4.235
25.176 -2.314 3.774
25.201 -1.981 3.385
25.226 -1.693 2.874
25.251 -1.360 2.413
25.276 -1.115 1.854
25.301 -0.805 1.368
25.326 -0.449 0.858
25.351 -0.161 0.396
25.376 0.194 -0.114
25.401 0.461 -0.552
25.426 0.705 -1.013
25.451 0.971 -1.329
25.476 1.193 -1.718
25.501 1.415 -1.985
25.526 1.549 -2.204
25.551 1.682 -2.374
25.576 1.837 -2.544
25.601 1.859 -2.642
25.626 1.904 -2.690
25.651 1.815 -2.642
25.676 1.837 -2.617
25.701 1.726 -2.471
25.726 1.637 -2.253
25.751 1.482 -1.985
25.776 1.238 -1.791
25.801 1.038 -1.427
25.826 0.816 -1.062
25.851 0.550 -0.649
25.876 0.283 -0.212
25.901 -0.028 0.226
25.926 -0.383 0.712
25.951 -0.716 1.246
25.976 -0.982 1.684
26.001 -1.337 2.218
26.026 -1.648 2.729
26.051 -1.915 3.190
26.076 -2.248 3.676
26.101 -2.536 4.114
26.126 -2.758 4.478
26.151 -3.002 4.843
26.176 -3.224 5.183
26.201 -3.424 5.499
26.226 -3.602 5.693
26.251 -3.691 5.888
26.276 -3.735 5.961
26.301 -3.779 6.009
26.326 -3.757 5.985
26.351 -3.757 5.912
26.376 -3.646 5.815
26.401 -3.557 5.645
26.426 -3.424 5.353
26.451 -3.202 5.159
26.476 -3.025 4.721
26.501 -2.825 4.357
26.526 -2.581 3.944
26.551 -2.292 3.531
26.576 -1.959 2.996
26.601 -1.648 2.559
26.626 -1.360 2.048
26.651 -0.960 1.489
26.676 -0.716 1.003
26.701 -0.361 0.566
26.726 -0.050 0.080
26.751 0.239 -0.357
26.776 0.483 -0.770
26.801 0.772 -1.232
26.826 1.038 -1.572
26.851 1.260 -1.888
26.876 1.460 -2.253
26.901 1.526 -2.399
26.926 1.660 -2.593
26.951 1.793 -2.666
26.976 1.837 -2.739
27.001 1.837 -2.690
27.026 1.793 -2.666
27.051 1.748 -2.544
27.076 1.660 -2.399
27.101 1.504 -2.180
27.126 1.415 -1.961
27.151 1.171 -1.621
27.176 1.016 -1.281
27.201 0.749 -0.892
27.226 0.483 -0.455
27.251 0.217 0.031
27.276 -0.072 0.517
27.301 -0.405 1.028
27.326 -0.716 1.514
27.351 -1.049 2.073
27.376 -1.337 2.534
27.401 -1.670 3.045
27.426 -1.937 3.482
27.451 -2.248 3.992
27.476 -2.514 4.405
27.501 -2.758 4.770
27.526 -3.002 5.110
27.551 -3.202 5.475
27.576 -3.380 5.669
27.601 -3.491 5.888
27.626 -3.602 6.034
27.651 -3.668 6.106
27.676 -3.713 6.106
27.701 -3.646 6.058
27.726 -3.624 5.985
27.751 -3.557 5.815
27.776 -3.469 5.572
27.801 -3.291 5.304
27.826 -3.180 5.037
27.851 -2.914 4.673
27.876 -2.669 4.235
27.901 -2.403 3.798
27.926 -2.092 3.361
27.951 -1.915 2.850
27.976 -1.559 2.364
28.001 -1.337 1.854
28.026 -0.982 1.295
28.051 -0.649 0.809
28.076 -0.294 0.299
28.101 -0.072 -0.236
28.126 0.239 -0.625
28.151 0.505 -1.086
28.176 0.772 -1.499
28.201 1.016 -1.815
28.226 1.238 -2.156
28.251 1.371 -2.374
28.276 1.571 -2.593
28.301 1.660 -2.690
28.326 1.726 -2.812
28.351 1.771 -2.836
28.376 1.771 -2.860
28.401 1.748 -2.836
28.426 1.660 -2.666
28.451 1.571 -2.447
28.476 1.371 -2.204
28.501 1.282 -1.888
28.526 1.082 -1.548
28.551 0.838 -1.135
28.576 0.572 -0.722
28.601 0.394 -0.333
28.626 0.039 0.153
28.651 -0.294 0.639
28.676 -0.538 1.149
28.701 -0.849 1.684
28.726 -1.093 2.194
28.751 -1.448 2.704
28.776 -1.715 3.239
28.801 -2.026 3.676
28.826 -2.336 4.138
28.851 -2.558 4.575
28.876 -2.869 4.940
28.901 -3.025 5.304
28.926 -3.202 5.620
28.951 -3.358 5.839
28.976 -3.402 6.058
29.001 -3.535 6.204
29.026 -3.602 6.252
29.051 -3.624 6.228
29.076 -3.624 6.155
29.101 -3.557 6.082
29.126 -3.446 5.888
29.151 -3.313 5.693
29.176 -3.136 5.353
29.201 -2.936 4.989
29.226 -2.780 4.600
29.251 -2.536 4.235
29.276 -2.270 3.774
29.301 -2.003 3.263
29.326 -1.737 2.753
29.351 -1.404 2.243
29.376 -1.115 1.659
29.401 -0.805 1.173
29.426 -0.516 0.639
29.451 -0.250 0.177
29.476 0.083 -0.333
29.501 0.328 -0.843
29.526 0.550 -1.184
29.551 0.838 -1.597
29.576 1.038 -1.961
29.601 1.238 -2.277
29.626 1.393 -2.496
29.651 1.504 -2.714
29.676 1.593 -2.812
29.701 1.682 -2.933
29.726 1.682 -2.958
29.751 1.660 -2.958
29.776 1.593 -2.885
29.801 1.549 -2.690
29.826 1.460 -2.447
29.851 1.238 -2.253
29.876 1.082 -1.913
29.901 0.883 -1.572
29.926 0.661 -1.184
29.951 0.461 -0.770
29.976 0.150 -0.309
30.001 -0.116 0.177
30.026 -0.427 0.736
30.051 -0.716 1.222
30.076 -1.027 1.708
30.101 -1.293 2.218
30.126 -1.604 2.777
30.151 -1.892 3.361
30.176 -2.203 3.798
30.201 -2.403 4.235
30.226 -2.714 4.697
30.251 -2.891 5.037
30.276 -3.069 5.377
30.301 -3.269 5.645
30.326 -3.424 5.912
30.351 -3.513 6.106
30.376 -3.535 6.252
30.401 -3.602 6.301
30.426 -3.624 6.252
30.451 -3.535 6.179
30.476 -3.469 6.034
30.501 -3.380 5.863
30.526 -3.158 5.645
30.551 -2.980 5.329
30.576 -2.847 4.964
30.601 -2.603 4.575
30.626 -2.359 4.187
30.651 -2.114 3.725
30.676 -1.826 3.239
30.701 -1.515 2.704
30.726 -1.182 2.218
30.751 -0.893 1.611
30.776 -0.605 1.125
30.801 -0.316 0.639
30.826 -0.072 0.177
30.851 0.239 -0.357
30.876 0.483 -0.795
30.901 0.794 -1.256
30.926 0.971 -1.597
30.951 1.171 -1.961
30.976 1.327 -2.253
31.001 1.482 -2.447
31.026 1.593 -2.617
31.051 1.637 -2.763
31.076 1.682 -2.909
31.101 1.748 -2.933
31.126 1.682 -2.860
31.151 1.615 -2.812
31.176 1.438 -2.617
31.201 1.327 -2.423
31.226 1.149 -2.204
31.251 1.016 -1.864
31.276 0.772 -1.499
31.301 0.527 -1.111
31.326 0.261 -0.698
31.351 -0.028 -0.284
31.376 -0.338 0.250
31.401 -0.627 0.760
31.426 -0.893 1.271
31.451 -1.204 1.781
31.476 -1.537 2.340
31.501 -1.826 2.850
31.526 -2.114 3.312
31.551 -2.336 3.846
31.576 -2.581 4.260
31.601 -2.803 4.624
31.626 -3.025 4.989
31.651 -3.158 5.329
31.676 -3.335 5.620
31.701 -3.469 5.790
31.726 -3.580 5.985
31.751 -3.602 6.034
31.776 -3.646 6.179
31.801 -3.602 6.179
31.826 -3.535 6.131
31.851 -3.446 5.912
31.876 -3.313 5.766
31.901 -3.136 5.475
31.926 -2.958 5.183
31.951 -2.736 4.843
31.976 -2.514 4.454
32.001 -2.248 4.041
32.026 -1.981 3.579
32.051 -1.626 3.166
32.076 -1.337 2.607
32.101 -1.004 2.097
32.126 -0.782 1.611
32.151 -0.405 1.076
32.176 -0.139 0.566
32.201 0.150 0.129
32.226 0.416 -0.357
32.251 0.683 -0.819
32.276 0.905 -1.208
32.301 1.105 -1.597
32.326 1.304 -1.913
32.351 1.504 -2.131
32.376 1.549 -2.374
32.401 1.660 -2.593
32.426 1.726 -2.666
32.451 1.748 -2.763
32.476 1.726 -2.763
32.501 1.704 -2.739
32.526 1.637 -2.617
32.551 1.526 -2.471
32.576 1.349 -2.228
32.601 1.193 -1.961
32.626 0.927 -1.645
32.651 0.705 -1.305
32.676 0.483 -0.892
32.701 0.172 -0.455
32.726 -0.072 0.007
32.751 -0.338 0.445
32.776 -0.671 0.930
32.801 -0.982 1.465
32.826 -1.315 1.951
32.851 -1.648 2.486
32.876 -1.937 2.972
32.901 -2.248 3.409
32.926 -2.536 3.871
32.951 -2.758 4.308
32.976 -2.936 4.746
33.001 -3.180 5.013
33.026 -3.358 5.304
33.051 -3.469 5.547
33.076 -3.580 5.766
33.101 -3.646 5.888
33.126 -3.691 6.009
33.151 -3.646 6.034
33.176 -3.691 6.009
33.201 -3.557 5.888
33.226 -3.491 5.718
33.251 -3.313 5.499
33.276 -3.180 5.256
33.301 -2.980 4.964
33.326 -2.780 4.600
33.351 -2.470 4.211
33.376 -2.225 3.798
33.401 -1.915 3.288
33.426 -1.626 2.874
33.451 -1.315 2.389
33.476 -1.027 1.927
33.501 -0.671 1.392
33.526 -0.383 0.882
33.551 -0.050 0.347
33.576 0.217 -0.090
33.601 0.550 -0.527
33.626 0.749 -0.868
33.651 1.060 -1.256
33.676 1.238 -1.621
33.701 1.393 -1.961
33.726 1.549 -2.156
33.751 1.726 -2.326
33.776 1.771 -2.423
33.801 1.793 -2.569
33.826 1.837 -2.593
33.851 1.815 -2.642
33.876 1.748 -2.569
33.901 1.660 -2.447
33.926 1.549 -2.228
33.951 1.393 -2.034
33.976 1.127 -1.694
34.001 0.949 -1.402
34.026 0.705 -1.013
34.051 0.461 -0.649
34.076 0.172 -0.163
34.101 -0.050 0.226
34.126 -0.405 0.736
34.151 -0.760 1.246
34.176 -1.071 1.732
34.201 -1.337 2.243
34.226 -1.715 2.704
34.251 -2.026 3.142
34.276 -2.248 3.628
34.301 -2.514 4.090
34.326 -2.825 4.478
34.351 -3.025 4.818
34.376 -3.269 5.134
34.401 -3.402 5.402
34.426 -3.513 5.620
34.451 -3.624 5.718
34.476 -3.691 5.888
34.501 -3.735 5.888
34.526 -3.757 5.936
34.551 -3.691 5.839
34.576 -3.668 5.790
34.601 -3.513 5.499
34.626 -3.358 5.329
34.651 -3.202 5.013
34.676 -3.002 4.697
34.701 -2.758 4.332
34.726 -2.492 3.968
34.751 -2.225 3.458
34.776 -1.959 2.947
34.801 -1.604 2.510
34.826 -1.293 2.048
34.851 -0.982 1.562
34.876 -0.716 1.076
34.901 -0.361 0.566
34.926 -0.094 0.129
34.951 0.261 -0.357
34.976 0.505 -0.722
35.001 0.772 -1.111
35.026 1.082 -1.475
35.051 1.238 -1.742
35.076 1.371 -2.034
35.101 1.526 -2.301
35.126 1.660 -2.423
35.151 1.771 -2.520
35.176 1.859 -2.593
35.201 1.859 -2.617
35.226 1.793 -2.520
35.251 1.748 -2.471
35.276 1.615 -2.253
35.301 1.504 -2.058
35.326 1.282 -1.791
35.351 1.127 -1.499
35.376 0.905 -1.111
35.401 0.661 -0.795
35.426 0.394 -0.309
35.451 0.106 0.080
35.476 -0.161 0.590
35.501 -0.427 1.052
35.526 -0.738 1.587
35.551 -1.071 2.024
35.576 -1.426 2.510
35.601 -1.715 2.972
35.626 -2.026 3.458
35.651 -2.270 3.871
35.676 -2.558 4.332
35.701 -2.780 4.624
35.726 -3.002 5.037
35.751 -3.269 5.329
35.776 -3.446 5.547
35.801 -3.513 5.718
35.826 -3.580 5.863
35.851 -3.646 5.961
35.876 -3.646 6.034
35.901 -3.691 5.912
35.926 -3.691 5.888
35.951 -3.535 5.645
35.976 -3.469 5.450
36.001 -3.269 5.183
36.026 -3.113 4.916
36.051 -2.936 4.575
36.076 -2.692 4.162
36.101 -2.381 3.701
36.126 -2.137 3.263
36.151 -1.848 2.753
36.176 -1.559 2.340
36.201 -1.249 1.757
36.226 -0.893 1.246
36.251 -0.605 0.760
36.276 -0.316 0.299
36.301 0.039 -0.163
36.326 0.283 -0.576
36.351 0.616 -0.989
36.376 0.749 -1.378
36.401 1.016 -1.694
36.426 1.216 -1.937
36.451 1.415 -2.228
36.476 1.504 -2.423
36.501 1.637 -2.544
36.526 1.682 -2.642
36.551 1.748 -2.714
36.576 1.682 -2.666
36.601 1.660 -2.642
36.626 1.593 -2.447
36.651 1.526 -2.277
36.676 1.393 -1.985
36.701 1.238 -1.718
36.726 1.105 -1.402
36.751 0.883 -1.038
36.776 0.550 -0.625
36.801 0.283 -0.187
36.826 0.017 0.323
36.851 -0.250 0.712
36.876 -0.560 1.295
36.901 -0.849 1.757
36.926 -1.138 2.267
36.951 -1.493 2.777
36.976 -1.781 3.288
37.001 -2.070 3.725
37.026 -2.314 4.187
37.051 -2.581 4.600
37.076 -2.847 4.940
37.101 -2.980 5.256
37.126 -3.180 5.547
37.151 -3.269 5.718
37.176 -3.402 5.912
37.201 -3.491 6.034
37.226 -3.557 6.131
37.251 -3.557 6.082
37.276 -3.602 6.034
37.301 -3.513 5.888
37.326 -3.469 5.718
37.351 -3.313 5.475
37.376 -3.136 5.232
37.401 -2.958 4.843
37.426 -2.758 4.478
37.451 -2.514 4.041
37.476 -2.314 3.628
37.501 -2.026 3.166
37.526 -1.759 2.656
37.551 -1.448 2.121
37.576 -1.138 1.635
37.601 -0.849 1.101
37.626 -0.560 0.639
37.651 -0.205 0.177
37.676 0.083 -0.333
37.701 0.328 -0.795
37.726 0.572 -1.159
37.751 0.816 -1.572
37.776 1.038 -1.888
37.801 1.216 -2.180
37.826 1.371 -2.399
37.851 1.482 -2.593
37.876 1.549 -2.690
37.901 1.615 -2.763
37.926 1.637 -2.787
37.951 1.637 -2.812
37.976 1.593 -2.714
38.001 1.504 -2.569
38.026 1.349 -2.326
38.051 1.260 -2.083
38.076 1.105 -1.718
38.101 0.883 -1.402
38.126 0.683 -0.989
38.151 0.461 -0.600
38.176 0.172 -0.163
38.201 -0.072 0.347
38.226 -0.449 0.858
38.251 -0.694 1.368
38.276 -1.027 1.854
38.301 -1.293 2.340
38.326 -1.559 2.899
38.351 -1.915 3.361
38.376 -2.159 3.895
38.401 -2.359 4.284
38.426 -2.603 4.721
38.451 -2.803 5.061
38.476 -3.047 5.353
38.501 -3.247 5.596
38.526 -3.380 5.839
38.551 -3.424 6.009
38.576 -3.469 6.082
38.601 -3.469 6.131
38.626 -3.557 6.155
38.651 -3.491 6.082
38.676 -3.402 5.961
38.701 -3.291 5.766
38.726 -3.158 5.523
38.751 -3.025 5.207
38.776 -2.825 4.891
38.801 -2.581 4.503
38.826 -2.381 4.065
38.851 -2.114 3.652
38.876 -1.870 3.166
38.901 -1.559 2.631
38.926 -1.249 2.121
38.951 -0.893 1.611
38.976 -0.627 1.052
39.001 -0.383 0.542
39.026 -0.072 0.080
39.051 0.217 -0.406
39.076 0.439 -0.843
39.101 0.661 -1.232
39.126 0.949 -1.645
39.151 1.105 -1.937
39.176 1.282 -2.180
39.201 1.438 -2.496
39.226 1.526 -2.690
39.251 1.593 -2.739
39.276 1.615 -2.812
39.301 1.615 -2.885
39.326 1.549 -2.812
39.351 1.526 -2.690
39.376 1.438 -2.544
39.401 1.304 -2.350
39.426 1.127 -2.083
39.451 0.971 -1.767
39.476 0.772 -1.451
39.501 0.505 -1.038
39.526 0.261 -0.600
39.551 -0.028 -0.139
39.576 -0.272 0.323
39.601 -0.627 0.882
39.626 -0.849 1.344
39.651 -1.138 1.902
39.676 -1.471 2.389
39.701 -1.737 2.874
39.726 -2.003 3.361
39.751 -2.314 3.846
39.776 -2.514 4.284
39.801 -2.758 4.721
39.826 -2.936 5.013
39.851 -3.136 5.304
39.876 -3.291 5.645
39.901 -3.424 5.839
39.926 -3.446 5.961
39.951 -3.580 6.058
39.976 -3.535 6.131
40.001 -3.513 6.179
40.026 -3.424 6.058
40.051 -3.358 5.912
40.078 -3.291 5.718
