schwebung 19.2cm
0.025 -1.337 2.486
0.050 -1.204 3.215
0.082 -1.182 3.749
0.107 -1.115 4.162
0.132 -1.049 4.478
0.157 -1.049 4.770
0.182 -0.982 5.013
0.207 -0.960 5.256
0.232 -0.849 5.402
0.257 -0.782 5.620
0.282 -0.716 5.645
0.307 -0.649 5.718
0.332 -0.583 5.718
0.357 -0.538 5.669
0.382 -0.449 5.572
0.407 -0.405 5.426
0.432 -0.338 5.232
0.457 -0.272 5.086
0.482 -0.139 4.794
0.507 -0.116 4.527
0.532 -0.028 4.187
0.557 -0.028 3.822
0.582 0.017 3.409
0.607 0.061 3.020
0.632 0.106 2.607
0.657 0.106 2.194
0.682 0.217 1.708
0.707 0.217 1.319
0.732 0.150 0.785
0.757 0.128 0.347
0.782 0.128 -0.114
0.807 0.083 -0.552
0.832 0.106 -1.062
0.857 -0.028 -1.402
0.882 0.017 -1.767
0.907 -0.072 -2.058
0.932 -0.139 -2.423
0.957 -0.183 -2.714
0.982 -0.272 -2.958
1.007 -0.383 -3.152
1.032 -0.427 -3.322
1.057 -0.516 -3.395
1.082 -0.583 -3.541
1.107 -0.671 -3.541
1.132 -0.760 -3.516
1.157 -0.849 -3.443
1.182 -0.960 -3.322
1.207 -1.027 -3.176
1.232 -1.115 -3.030
1.257 -1.182 -2.763
1.282 -1.249 -2.520
1.307 -1.337 -2.253
1.332 -1.360 -1.913
1.357 -1.448 -1.524
1.382 -1.515 -1.135
1.407 -1.604 -0.746
1.432 -1.537 -0.382
1.457 -1.604 0.104
1.482 -1.648 0.542
1.507 -1.604 1.003
1.532 -1.604 1.416
1.557 -1.582 1.927
1.582 -1.582 2.316
1.607 -1.537 2.802
1.632 -1.493 3.166
1.657 -1.471 3.579
1.682 -1.404 3.944
1.707 -1.315 4.284
1.732 -1.249 4.527
1.757 -1.138 4.818
1.782 -1.027 5.061
1.807 -1.004 5.183
1.832 -0.893 5.304
1.857 -0.805 5.402
1.882 -0.738 5.475
1.907 -0.560 5.523
1.932 -0.472 5.426
1.957 -0.383 5.353
1.982 -0.250 5.256
2.007 -0.183 5.110
2.032 -0.050 4.916
2.057 0.106 4.673
2.082 0.106 4.381
2.107 0.194 4.114
2.132 0.217 3.725
2.157 0.261 3.433
2.182 0.372 3.020
2.207 0.439 2.631
2.232 0.439 2.218
2.257 0.461 1.805
2.282 0.461 1.392
2.307 0.527 0.955
2.332 0.505 0.517
2.357 0.483 0.104
2.382 0.394 -0.333
2.407 0.416 -0.722
2.432 0.394 -1.086
2.457 0.283 -1.499
2.482 0.217 -1.815
2.507 0.150 -2.083
2.532 0.039 -2.399
2.557 -0.094 -2.666
2.582 -0.183 -2.812
2.607 -0.316 -3.055
2.632 -0.427 -3.152
2.657 -0.494 -3.225
2.682 -0.627 -3.200
2.707 -0.716 -3.225
2.732 -0.893 -3.200
2.757 -1.004 -3.176
2.782 -1.093 -3.006
2.807 -1.182 -2.860
2.832 -1.337 -2.617
2.857 -1.404 -2.350
2.882 -1.559 -2.180
2.907 -1.582 -1.815
2.932 -1.737 -1.475
2.957 -1.737 -1.111
2.982 -1.826 -0.698
3.007 -1.870 -0.430
3.032 -1.959 -0.017
3.057 -1.915 0.420
3.082 -1.937 0.906
3.107 -1.826 1.319
3.132 -1.915 1.708
3.157 -1.937 2.073
3.182 -1.848 2.461
3.207 -1.781 2.899
3.232 -1.715 3.215
3.257 -1.648 3.531
3.282 -1.559 3.895
3.307 -1.448 4.211
3.332 -1.404 4.454
3.357 -1.271 4.673
3.382 -1.182 4.867
3.407 -1.049 5.037
3.432 -0.849 5.134
3.457 -0.716 5.183
3.482 -0.605 5.256
3.507 -0.449 5.207
3.532 -0.316 5.159
3.557 -0.227 5.061
3.582 -0.072 4.916
3.607 0.083 4.721
3.632 0.150 4.551
3.657 0.283 4.308
3.682 0.394 4.041
3.707 0.461 3.725
3.732 0.572 3.385
3.757 0.683 3.020
3.782 0.705 2.680
3.807 0.727 2.291
3.832 0.705 1.927
3.857 0.772 1.489
3.882 0.794 1.125
3.912 0.794 0.663
3.937 0.749 0.201
3.962 0.705 -0.114
3.987 0.683 -0.527
4.012 0.661 -0.868
4.037 0.594 -1.208
4.062 0.394 -1.524
4.087 0.305 -1.840
4.112 0.239 -2.107
4.137 0.083 -2.326
4.162 -0.072 -2.471
4.187 -0.205 -2.739
4.213 -0.427 -2.860
4.238 -0.494 -2.885
4.263 -0.627 -2.933
4.288 -0.782 -2.933
4.314 -0.960 -2.885
4.339 -1.115 -2.787
4.364 -1.226 -2.690
4.389 -1.360 -2.520
4.414 -1.448 -2.374
4.439 -1.582 -2.156
4.464 -1.693 -1.888
4.489 -1.826 -1.645
4.514 -1.937 -1.354
4.539 -1.981 -1.062
4.564 -2.092 -0.698
4.589 -2.092 -0.333
4.614 -2.137 0.031
4.639 -2.159 0.445
4.664 -2.203 0.858
4.689 -2.203 1.198
4.714 -2.159 1.587
4.739 -2.159 2.000
4.764 -2.092 2.389
4.789 -2.092 2.704
4.814 -1.959 3.069
4.839 -1.937 3.336
4.864 -1.781 3.652
4.889 -1.670 3.871
4.914 -1.515 4.162
4.939 -1.404 4.381
4.964 -1.226 4.503
4.989 -1.071 4.624
5.014 -0.938 4.746
5.039 -0.738 4.770
5.064 -0.627 4.867
5.089 -0.405 4.867
5.114 -0.250 4.770
5.139 -0.050 4.697
5.164 0.039 4.600
5.189 0.194 4.405
5.214 0.328 4.235
5.239 0.527 3.992
5.264 0.594 3.774
5.289 0.727 3.482
5.314 0.883 3.215
5.339 0.905 2.923
5.364 1.038 2.583
5.389 1.060 2.218
5.414 1.082 1.878
5.439 1.105 1.465
5.464 1.082 1.076
5.489 1.038 0.736
5.514 1.016 0.396
5.539 0.994 0.056
5.564 0.905 -0.236
5.589 0.816 -0.625
5.614 0.727 -0.892
5.639 0.661 -1.232
5.664 0.527 -1.499
5.689 0.394 -1.694
5.714 0.261 -1.913
5.739 0.039 -2.156
5.764 -0.116 -2.301
5.789 -0.294 -2.496
5.814 -0.427 -2.544
5.839 -0.605 -2.642
5.864 -0.827 -2.544
5.889 -0.982 -2.544
5.914 -1.182 -2.471
5.939 -1.226 -2.399
5.964 -1.471 -2.253
5.989 -1.604 -2.107
6.014 -1.715 -1.913
6.039 -1.870 -1.670
6.064 -2.070 -1.427
6.089 -2.181 -1.184
6.114 -2.270 -0.868
6.139 -2.336 -0.625
6.164 -2.425 -0.260
6.189 -2.470 0.080
6.214 -2.492 0.420
6.239 -2.492 0.736
6.264 -2.492 1.125
6.289 -2.447 1.441
6.314 -2.470 1.781
6.339 -2.359 2.097
6.364 -2.314 2.437
6.389 -2.181 2.729
6.414 -2.114 3.045
6.439 -1.937 3.288
6.464 -1.826 3.555
6.489 -1.670 3.725
6.514 -1.582 3.968
6.539 -1.426 4.114
6.564 -1.182 4.235
6.589 -1.027 4.284
6.614 -0.849 4.357
6.639 -0.605 4.430
6.664 -0.427 4.454
6.689 -0.227 4.454
6.714 -0.116 4.357
6.739 0.083 4.211
6.764 0.283 4.138
6.789 0.527 3.968
6.814 0.616 3.822
6.839 0.816 3.555
6.895 1.016 3.142
6.924 1.127 2.826
6.949 1.193 2.413
6.974 1.238 2.097
6.999 1.282 1.732
7.024 1.304 1.416
7.049 1.327 1.052
7.074 1.282 0.760
7.099 1.260 0.420
7.124 1.171 0.129
7.149 1.127 -0.114
7.174 1.038 -0.430
7.199 0.949 -0.673
7.224 0.772 -0.989
7.249 0.661 -1.159
7.274 0.439 -1.378
7.299 0.305 -1.621
7.324 0.150 -1.791
7.349 -0.005 -1.913
7.374 -0.250 -2.010
7.399 -0.449 -2.107
7.424 -0.649 -2.107
7.449 -0.805 -2.107
7.474 -1.027 -2.107
7.499 -1.226 -2.058
7.524 -1.448 -1.961
7.549 -1.604 -1.913
7.574 -1.737 -1.718
7.599 -1.959 -1.548
7.624 -2.159 -1.354
7.649 -2.292 -1.135
7.674 -2.403 -0.965
7.699 -2.447 -0.673
7.724 -2.536 -0.455
7.749 -2.625 -0.139
7.774 -2.758 0.177
7.799 -2.714 0.469
7.824 -2.736 0.785
7.849 -2.736 1.149
7.874 -2.736 1.465
7.899 -2.603 1.684
7.924 -2.536 2.048
7.949 -2.425 2.267
7.974 -2.381 2.583
7.999 -2.225 2.802
8.024 -2.092 3.093
8.049 -1.937 3.239
8.074 -1.759 3.433
8.099 -1.582 3.531
8.124 -1.404 3.701
8.149 -1.249 3.798
8.174 -1.071 3.895
8.199 -0.782 3.992
8.224 -0.627 4.017
8.249 -0.383 4.017
8.274 -0.183 3.919
8.299 0.083 3.871
8.324 0.217 3.895
8.349 0.416 3.701
8.374 0.616 3.628
8.399 0.794 3.458
8.424 0.927 3.288
8.449 1.105 3.020
8.474 1.193 2.777
8.499 1.349 2.534
8.524 1.460 2.389
8.549 1.571 2.097
8.574 1.571 1.878
8.599 1.549 1.489
8.624 1.549 1.222
8.649 1.571 0.906
8.674 1.504 0.687
8.699 1.460 0.396
8.724 1.327 0.153
8.749 1.238 -0.139
8.774 1.105 -0.357
8.799 0.994 -0.576
8.824 0.816 -0.795
8.849 0.638 -1.013
8.874 0.461 -1.135
8.899 0.283 -1.256
8.924 0.017 -1.427
8.949 -0.183 -1.524
8.974 -0.427 -1.597
8.999 -0.627 -1.621
9.024 -0.827 -1.670
9.049 -1.027 -1.621
9.074 -1.249 -1.597
9.099 -1.448 -1.621
9.124 -1.670 -1.475
9.149 -1.870 -1.354
9.174 -2.048 -1.184
9.199 -2.225 -1.086
9.224 -2.359 -0.868
9.249 -2.492 -0.698
9.274 -2.625 -0.503
9.299 -2.692 -0.284
9.324 -2.803 -0.041
9.349 -2.936 0.201
9.374 -2.936 0.469
9.399 -2.914 0.712
9.424 -2.936 1.003
9.449 -2.914 1.246
9.474 -2.869 1.465
9.499 -2.758 1.757
9.524 -2.669 1.975
9.549 -2.492 2.218
9.574 -2.403 2.364
9.599 -2.292 2.583
9.624 -2.159 2.826
9.649 -1.937 2.947
9.674 -1.781 3.093
9.699 -1.515 3.190
9.724 -1.293 3.312
9.749 -1.093 3.361
9.774 -0.893 3.458
9.799 -0.627 3.506
9.824 -0.405 3.531
9.849 -0.161 3.531
9.874 0.039 3.531
9.899 0.328 3.409
9.924 0.483 3.385
9.949 0.683 3.239
9.974 0.860 3.069
9.999 1.038 2.899
10.024 1.171 2.777
10.049 1.415 2.607
10.074 1.460 2.437
10.099 1.615 2.194
10.124 1.637 2.048
10.149 1.704 1.757
10.174 1.726 1.562
10.199 1.771 1.319
10.224 1.748 1.125
10.249 1.748 0.858
10.274 1.593 0.615
10.299 1.482 0.396
10.324 1.371 0.177
10.349 1.282 0.031
10.374 1.149 -0.114
10.399 0.971 -0.382
10.424 0.794 -0.503
10.449 0.594 -0.698
10.474 0.328 -0.843
10.499 0.172 -0.916
10.524 -0.072 -1.013
10.549 -0.227 -1.086
10.574 -0.516 -1.086
10.599 -0.782 -1.135
10.624 -1.071 -1.159
10.649 -1.249 -1.159
10.674 -1.493 -1.062
10.699 -1.670 -0.965
10.724 -1.915 -0.916
10.749 -2.137 -0.892
10.774 -2.336 -0.673
10.799 -2.447 -0.576
10.824 -2.603 -0.430
10.849 -2.736 -0.309
10.874 -2.847 -0.139
10.899 -2.936 0.031
10.924 -3.002 0.274
10.949 -2.980 0.445
10.974 -3.025 0.687
10.999 -3.025 0.930
11.024 -3.025 1.076
11.049 -2.980 1.246
11.074 -2.891 1.465
11.099 -2.780 1.659
11.124 -2.692 1.854
11.149 -2.536 2.048
11.174 -2.403 2.243
11.199 -2.248 2.364
11.224 -2.092 2.510
11.249 -1.870 2.656
11.274 -1.670 2.753
11.299 -1.448 2.826
11.324 -1.182 2.874
11.349 -0.938 2.923
11.374 -0.649 3.020
11.399 -0.427 2.996
11.424 -0.183 3.020
11.449 0.083 2.972
11.474 0.328 2.923
11.499 0.505 2.826
11.524 0.727 2.753
11.549 0.971 2.729
11.574 1.149 2.607
11.599 1.304 2.461
11.624 1.460 2.389
11.649 1.593 2.194
11.674 1.704 2.024
11.699 1.771 1.902
11.724 1.837 1.732
11.749 1.882 1.538
11.774 1.926 1.344
11.799 1.882 1.173
11.824 1.815 0.979
11.849 1.793 0.833
11.874 1.704 0.687
11.899 1.571 0.517
11.924 1.438 0.372
11.949 1.282 0.177
11.974 1.127 0.080
11.999 0.927 -0.066
12.024 0.727 -0.163
12.049 0.527 -0.284
12.074 0.283 -0.382
12.099 0.061 -0.503
12.124 -0.227 -0.527
12.149 -0.472 -0.552
12.174 -0.716 -0.600
12.199 -0.982 -0.649
12.224 -1.226 -0.625
12.249 -1.471 -0.600
12.277 -1.648 -0.552
12.302 -1.915 -0.527
12.327 -2.159 -0.430
12.352 -2.336 -0.382
12.378 -2.514 -0.187
12.403 -2.669 -0.114
12.428 -2.869 -0.041
12.453 -2.914 0.129
12.478 -3.047 0.226
12.510 -3.136 0.396
12.535 -3.180 0.542
12.560 -3.158 0.760
12.585 -3.180 0.882
12.610 -3.136 1.052
12.635 -3.091 1.173
12.660 -2.980 1.295
12.685 -2.914 1.441
12.710 -2.780 1.538
12.735 -2.647 1.684
12.760 -2.514 1.781
12.785 -2.270 1.927
12.810 -2.070 2.048
12.835 -1.870 2.121
12.860 -1.626 2.194
12.885 -1.360 2.267
12.910 -1.093 2.340
12.935 -0.938 2.413
12.960 -0.627 2.437
12.985 -0.361 2.461
13.010 -0.094 2.437
13.035 0.106 2.437
13.060 0.372 2.389
13.085 0.594 2.389
13.110 0.883 2.291
13.135 1.038 2.243
13.160 1.260 2.170
13.185 1.460 2.097
13.210 1.571 1.975
13.235 1.704 1.927
13.260 1.793 1.732
13.285 1.859 1.732
13.310 1.993 1.562
13.335 1.970 1.441
13.360 1.993 1.392
13.385 2.015 1.222
13.410 1.948 1.125
13.435 1.815 1.028
13.460 1.771 0.833
13.485 1.615 0.760
13.510 1.438 0.615
13.535 1.327 0.542
13.560 1.105 0.396
13.585 0.927 0.372
13.610 0.772 0.274
13.635 0.527 0.177
13.660 0.261 0.104
13.685 -0.005 0.056
13.710 -0.272 -0.017
13.735 -0.516 0.007
13.760 -0.782 -0.017
13.785 -1.004 -0.017
13.810 -1.271 -0.066
13.835 -1.493 -0.041
13.860 -1.804 0.031
13.885 -1.981 0.031
13.910 -2.181 0.031
13.935 -2.425 0.104
13.960 -2.603 0.153
13.985 -2.736 0.226
14.010 -2.914 0.274
14.035 -2.980 0.347
14.060 -3.091 0.396
14.085 -3.136 0.542
14.110 -3.202 0.566
14.135 -3.269 0.712
14.160 -3.313 0.760
14.185 -3.247 0.833
14.210 -3.158 1.003
14.235 -3.091 1.076
14.260 -2.958 1.173
14.285 -2.847 1.198
14.310 -2.692 1.319
14.335 -2.492 1.441
14.360 -2.336 1.514
14.385 -2.181 1.562
14.410 -1.892 1.635
14.435 -1.693 1.684
14.460 -1.426 1.732
14.485 -1.204 1.757
14.510 -0.960 1.805
14.535 -0.738 1.781
14.560 -0.427 1.854
14.585 -0.183 1.830
14.610 0.106 1.902
14.635 0.372 1.878
14.660 0.638 1.927
14.685 0.838 1.951
14.710 1.016 1.781
14.735 1.282 1.781
14.760 1.438 1.781
14.785 1.615 1.708
14.810 1.748 1.684
14.835 1.859 1.611
14.860 1.904 1.562
14.885 2.015 1.489
14.910 2.059 1.416
14.935 2.059 1.319
14.960 2.037 1.295
14.985 2.015 1.198
15.010 1.904 1.173
15.035 1.882 1.125
15.060 1.726 1.052
15.085 1.615 0.955
15.110 1.438 0.955
15.135 1.238 0.833
15.160 0.994 0.785
15.185 0.794 0.712
15.210 0.572 0.687
15.235 0.305 0.663
15.260 0.017 0.615
15.285 -0.227 0.542
15.310 -0.472 0.590
15.335 -0.671 0.493
15.360 -0.938 0.517
15.385 -1.204 0.517
15.410 -1.471 0.517
15.435 -1.737 0.517
15.460 -1.892 0.517
15.485 -2.159 0.517
15.510 -2.403 0.517
15.535 -2.514 0.566
15.560 -2.758 0.566
15.585 -2.891 0.517
15.610 -3.047 0.615
15.635 -3.091 0.615
15.660 -3.202 0.687
15.685 -3.291 0.615
15.710 -3.335 0.687
15.735 -3.313 0.760
15.760 -3.269 0.785
15.785 -3.224 0.785
15.810 -3.136 0.882
15.835 -3.025 0.930
15.860 -2.914 0.979
15.885 -2.758 0.955
15.910 -2.647 1.003
15.935 -2.425 1.076
15.960 -2.203 1.101
15.985 -1.959 1.125
16.010 -1.781 1.173
16.035 -1.559 1.222
16.060 -1.271 1.222
16.085 -1.004 1.222
16.110 -0.738 1.271
16.135 -0.538 1.271
16.160 -0.227 1.344
16.185 0.061 1.319
16.210 0.261 1.344
16.235 0.572 1.368
16.260 0.749 1.368
16.285 1.016 1.368
16.310 1.193 1.344
16.335 1.438 1.344
16.360 1.571 1.368
16.385 1.704 1.344
16.410 1.793 1.344
16.435 1.882 1.319
16.460 2.015 1.344
16.485 2.104 1.392
16.510 2.081 1.368
16.535 2.126 1.368
16.560 2.037 1.344
16.585 1.926 1.295
16.610 1.837 1.344
16.635 1.793 1.319
16.660 1.637 1.295
16.685 1.438 1.271
16.710 1.282 1.222
16.735 1.105 1.198
16.760 0.838 1.246
16.785 0.683 1.222
16.810 0.416 1.173
16.835 0.128 1.125
16.860 -0.205 1.125
16.885 -0.472 1.125
16.910 -0.671 1.101
16.935 -0.916 1.076
16.960 -1.204 1.101
16.985 -1.448 1.052
17.010 -1.670 1.003
17.035 -1.915 0.979
17.060 -2.159 0.955
17.085 -2.359 0.930
17.110 -2.625 0.930
17.135 -2.714 0.882
17.160 -2.914 0.858
17.185 -3.047 0.833
17.210 -3.136 0.809
17.235 -3.180 0.809
17.260 -3.224 0.809
17.285 -3.247 0.785
17.310 -3.291 0.736
17.335 -3.247 0.663
17.360 -3.202 0.736
17.385 -3.113 0.712
17.410 -3.113 0.687
17.435 -2.891 0.687
17.460 -2.803 0.712
17.485 -2.647 0.663
17.510 -2.447 0.663
17.535 -2.292 0.615
17.560 -2.026 0.687
17.585 -1.804 0.687
17.610 -1.582 0.736
17.635 -1.315 0.687
17.660 -1.071 0.736
17.685 -0.805 0.663
17.710 -0.560 0.687
17.735 -0.272 0.712
17.760 -0.072 0.809
17.785 0.239 0.809
17.810 0.439 0.882
17.835 0.705 0.858
17.860 0.905 0.906
17.885 1.127 0.979
17.910 1.349 1.052
17.935 1.549 1.076
17.960 1.660 1.101
17.985 1.793 1.125
18.010 1.904 1.173
18.035 1.948 1.246
18.060 2.015 1.344
18.085 2.015 1.344
18.110 1.993 1.368
18.135 2.015 1.416
18.160 1.948 1.489
18.185 1.815 1.465
18.210 1.771 1.538
18.235 1.593 1.514
18.260 1.393 1.562
18.285 1.304 1.635
18.310 1.060 1.659
18.335 0.838 1.659
18.360 0.594 1.659
18.385 0.372 1.659
18.410 0.128 1.635
18.435 -0.050 1.659
18.460 -0.338 1.611
18.485 -0.627 1.587
18.510 -0.849 1.562
18.535 -1.115 1.611
18.560 -1.404 1.562
18.585 -1.626 1.489
18.610 -1.892 1.441
18.635 -2.114 1.392
18.660 -2.336 1.344
18.685 -2.492 1.319
18.710 -2.714 1.271
18.735 -2.803 1.222
18.760 -2.891 1.173
18.785 -3.025 1.003
18.810 -3.202 0.979
18.835 -3.180 0.906
18.860 -3.224 0.858
18.885 -3.291 0.760
18.910 -3.313 0.663
18.935 -3.202 0.590
18.960 -3.113 0.566
18.985 -3.002 0.469
19.010 -2.891 0.445
19.035 -2.736 0.347
19.060 -2.647 0.347
19.085 -2.470 0.299
19.110 -2.292 0.299
19.135 -2.070 0.201
19.160 -1.848 0.177
19.185 -1.670 0.153
19.210 -1.360 0.201
19.235 -1.071 0.177
19.260 -0.827 0.226
19.285 -0.560 0.153
19.310 -0.250 0.274
19.335 -0.072 0.274
19.360 0.150 0.299
19.385 0.416 0.372
19.410 0.638 0.420
19.435 0.905 0.493
19.460 1.082 0.639
19.485 1.260 0.663
19.510 1.393 0.760
19.535 1.571 0.785
19.560 1.704 0.930
19.585 1.837 1.028
19.610 1.882 1.149
19.635 1.904 1.222
19.660 1.948 1.319
19.685 1.948 1.392
19.710 1.926 1.514
19.735 1.904 1.587
19.760 1.793 1.635
19.785 1.704 1.732
19.810 1.637 1.854
19.835 1.438 1.878
19.860 1.216 1.975
19.885 1.082 2.000
19.910 0.860 2.073
19.935 0.683 2.121
19.960 0.461 2.121
19.985 0.217 2.170
20.010 -0.028 2.243
20.035 -0.272 2.194
20.060 -0.538 2.243
20.085 -0.782 2.145
20.110 -1.049 2.121
20.135 -1.337 2.048
20.160 -1.582 2.048
20.185 -1.759 1.927
20.210 -2.003 1.878
20.235 -2.225 1.805
20.260 -2.425 1.684
20.285 -2.558 1.635
20.310 -2.714 1.441
20.335 -2.869 1.344
20.360 -2.936 1.271
20.385 -3.002 1.149
20.410 -3.091 1.028
20.435 -3.136 0.882
20.460 -3.136 0.809
20.485 -3.158 0.760
20.510 -3.136 0.542
20.535 -3.069 0.493
20.560 -2.980 0.372
20.585 -2.803 0.226
20.610 -2.714 0.080
20.635 -2.603 0.007
20.660 -2.447 -0.066
20.685 -2.270 -0.163
20.710 -2.048 -0.163
20.735 -1.826 -0.284
20.760 -1.604 -0.284
20.785 -1.360 -0.333
20.810 -1.182 -0.333
20.835 -0.893 -0.333
20.860 -0.649 -0.309
20.885 -0.449 -0.284
20.910 -0.139 -0.187
20.935 0.106 -0.163
20.960 0.350 -0.114
20.985 0.527 -0.041
21.010 0.749 0.056
21.035 0.949 0.177
21.060 1.127 0.274
21.085 1.304 0.396
21.110 1.460 0.493
21.135 1.615 0.663
21.160 1.660 0.736
21.185 1.748 0.906
21.210 1.837 1.101
21.235 1.859 1.222
21.260 1.837 1.416
21.285 1.793 1.562
21.310 1.771 1.611
21.335 1.726 1.757
21.360 1.660 1.927
21.385 1.593 2.073
21.410 1.460 2.145
21.435 1.282 2.243
21.460 1.060 2.389
21.485 0.794 2.413
21.510 0.616 2.510
21.535 0.372 2.607
21.560 0.194 2.656
21.585 -0.005 2.704
21.610 -0.316 2.704
21.635 -0.538 2.729
21.660 -0.716 2.656
21.685 -1.004 2.631
21.710 -1.226 2.534
21.735 -1.537 2.534
21.760 -1.648 2.413
21.785 -1.937 2.340
21.810 -2.092 2.267
21.835 -2.270 2.170
21.860 -2.403 2.024
21.885 -2.603 1.805
21.910 -2.714 1.684
21.935 -2.847 1.514
21.960 -2.869 1.368
21.985 -3.025 1.246
22.010 -3.025 1.028
22.035 -3.047 0.809
22.060 -3.047 0.687
22.085 -3.002 0.590
22.110 -2.958 0.347
22.135 -2.869 0.201
22.160 -2.825 0.007
22.185 -2.625 -0.114
22.210 -2.492 -0.212
22.235 -2.425 -0.382
22.260 -2.203 -0.503
22.285 -1.981 -0.600
22.310 -1.781 -0.673
22.335 -1.582 -0.722
22.360 -1.360 -0.770
22.385 -1.182 -0.770
22.410 -0.916 -0.819
22.435 -0.716 -0.795
22.460 -0.472 -0.795
22.485 -0.227 -0.722
22.510 -0.005 -0.698
22.535 0.194 -0.576
22.560 0.483 -0.527
22.585 0.616 -0.455
22.610 0.816 -0.260
22.635 1.038 -0.066
22.660 1.216 0.056
22.685 1.327 0.274
22.710 1.438 0.420
22.735 1.549 0.566
22.760 1.571 0.712
22.785 1.660 0.955
22.810 1.726 1.101
22.835 1.704 1.344
22.860 1.704 1.538
22.885 1.704 1.732
22.910 1.637 1.951
22.935 1.504 2.073
22.960 1.460 2.243
22.985 1.282 2.413
23.010 1.127 2.583
23.035 0.927 2.704
23.060 0.794 2.777
23.085 0.616 2.923
23.110 0.416 2.972
23.135 0.217 3.093
23.160 -0.028 3.142
23.185 -0.272 3.215
23.210 -0.405 3.166
23.235 -0.671 3.166
23.260 -0.871 3.069
23.285 -1.160 2.972
23.310 -1.404 2.996
23.335 -1.626 2.899
23.360 -1.781 2.826
23.385 -1.937 2.680
23.410 -2.114 2.461
23.435 -2.292 2.340
23.460 -2.425 2.097
23.485 -2.536 1.975
23.510 -2.669 1.732
23.535 -2.736 1.562
23.560 -2.847 1.271
23.585 -2.914 1.149
23.610 -2.869 0.930
23.635 -2.825 0.687
23.660 -2.847 0.493
23.685 -2.869 0.299
23.710 -2.692 0.080
23.735 -2.647 -0.139
23.760 -2.581 -0.333
23.785 -2.425 -0.479
23.810 -2.270 -0.673
23.835 -2.137 -0.795
23.860 -1.959 -0.941
23.885 -1.804 -1.086
23.910 -1.582 -1.135
23.935 -1.426 -1.232
23.960 -1.204 -1.184
23.985 -0.982 -1.208
24.010 -0.738 -1.256
24.035 -0.494 -1.232
24.060 -0.272 -1.208
24.085 -0.072 -1.111
24.110 0.128 -0.989
24.135 0.305 -0.965
24.160 0.483 -0.770
24.185 0.638 -0.625
24.210 0.794 -0.455
24.235 0.971 -0.284
24.260 1.171 -0.090
24.285 1.282 0.153
24.310 1.371 0.299
24.335 1.438 0.566
24.360 1.526 0.809
24.385 1.526 1.052
24.410 1.549 1.319
24.435 1.504 1.587
24.460 1.504 1.805
24.485 1.371 1.975
24.510 1.349 2.170
24.535 1.260 2.437
24.560 1.127 2.607
24.585 0.927 2.826
24.610 0.860 2.947
24.635 0.683 3.117
24.660 0.572 3.215
24.685 0.372 3.312
24.710 0.172 3.409
24.735 -0.028 3.555
24.760 -0.205 3.531
24.785 -0.472 3.555
24.810 -0.627 3.603
24.835 -0.893 3.506
24.860 -1.071 3.458
24.885 -1.226 3.409
24.910 -1.426 3.263
24.935 -1.626 3.190
24.960 -1.759 3.045
24.985 -1.959 2.850
25.010 -2.114 2.656
25.035 -2.225 2.510
25.060 -2.381 2.267
25.085 -2.514 2.048
25.110 -2.558 1.781
25.135 -2.669 1.587
25.160 -2.669 1.222
25.185 -2.736 1.003
25.210 -2.669 0.736
25.235 -2.669 0.469
25.260 -2.625 0.201
25.285 -2.603 -0.017
25.310 -2.492 -0.187
25.335 -2.425 -0.430
25.360 -2.270 -0.673
25.385 -2.181 -0.868
25.410 -2.048 -1.062
25.435 -1.915 -1.184
25.460 -1.759 -1.354
25.485 -1.559 -1.451
25.510 -1.360 -1.572
25.535 -1.204 -1.621
25.560 -1.004 -1.670
25.585 -0.782 -1.670
25.610 -0.560 -1.645
25.635 -0.405 -1.621
25.660 -0.250 -1.548
25.685 -0.050 -1.451
25.710 0.172 -1.329
25.735 0.328 -1.159
25.760 0.505 -0.989
25.785 0.683 -0.843
25.810 0.816 -0.673
25.835 0.949 -0.382
25.860 1.038 -0.163
25.885 1.149 0.129
25.910 1.260 0.347
25.935 1.260 0.615
25.960 1.327 0.930
25.985 1.349 1.222
26.010 1.349 1.514
26.035 1.282 1.805
26.060 1.327 2.048
26.085 1.171 2.291
26.110 1.105 2.534
26.135 0.971 2.826
26.160 0.883 3.020
26.185 0.727 3.215
26.210 0.616 3.385
26.235 0.461 3.603
26.260 0.283 3.676
26.285 0.083 3.822
26.310 -0.005 3.895
26.335 -0.227 3.968
26.360 -0.405 3.944
26.385 -0.605 3.992
26.410 -0.782 3.944
26.435 -1.004 3.895
26.460 -1.204 3.798
26.485 -1.360 3.701
26.510 -1.515 3.482
26.535 -1.693 3.409
26.560 -1.848 3.190
26.585 -1.981 2.996
26.610 -2.048 2.777
26.635 -2.159 2.559
26.660 -2.225 2.291
26.685 -2.381 2.000
26.710 -2.425 1.684
26.735 -2.492 1.416
26.760 -2.470 1.149
26.785 -2.492 0.785
26.810 -2.514 0.517
26.835 -2.470 0.177
26.860 -2.336 -0.090
26.885 -2.336 -0.309
26.910 -2.203 -0.698
26.935 -2.159 -0.819
26.960 -2.026 -1.062
26.985 -1.892 -1.256
27.010 -1.781 -1.475
27.035 -1.648 -1.645
27.060 -1.471 -1.767
27.085 -1.315 -1.840
27.110 -1.115 -1.937
27.135 -0.916 -2.010
27.160 -0.827 -2.083
27.185 -0.627 -2.058
27.210 -0.427 -2.034
27.235 -0.294 -1.961
27.260 -0.072 -1.864
27.285 -0.005 -1.670
27.310 0.172 -1.572
27.335 0.372 -1.329
27.360 0.505 -1.159
27.385 0.638 -0.916
27.410 0.749 -0.722
27.435 0.883 -0.406
27.460 0.905 -0.139
27.485 0.971 0.153
27.510 1.038 0.445
27.535 1.105 0.785
27.560 1.082 1.125
27.585 1.060 1.441
27.610 1.082 1.732
27.635 1.038 1.975
27.660 0.927 2.316
27.685 0.905 2.631
27.710 0.794 2.874
27.735 0.727 3.142
27.760 0.594 3.385
27.785 0.527 3.603
27.810 0.372 3.798
27.835 0.194 3.895
27.860 0.017 4.065
27.885 -0.116 4.211
27.910 -0.250 4.284
27.935 -0.427 4.332
27.960 -0.583 4.332
27.985 -0.716 4.308
28.010 -0.849 4.235
28.035 -1.027 4.138
28.060 -1.226 4.065
28.085 -1.360 3.919
28.110 -1.515 3.701
28.135 -1.626 3.579
28.160 -1.737 3.336
28.185 -1.848 3.093
28.210 -1.981 2.802
28.235 -2.048 2.510
28.260 -2.070 2.194
28.285 -2.114 1.902
28.310 -2.203 1.587
28.335 -2.203 1.246
28.360 -2.225 0.882
28.385 -2.248 0.542
28.410 -2.225 0.226
28.435 -2.114 -0.114
28.460 -2.114 -0.357
28.485 -2.026 -0.649
28.510 -1.981 -0.965
28.535 -1.870 -1.256
28.560 -1.804 -1.499
28.585 -1.670 -1.694
28.610 -1.515 -1.888
28.635 -1.360 -2.058
28.660 -1.271 -2.204
28.685 -1.138 -2.301
28.710 -0.960 -2.326
28.735 -0.805 -2.399
28.760 -0.694 -2.423
28.785 -0.494 -2.374
28.810 -0.338 -2.253
28.835 -0.227 -2.131
28.860 -0.072 -2.010
28.885 0.083 -1.961
28.910 0.194 -1.718
28.935 0.305 -1.451
28.960 0.416 -1.159
28.985 0.505 -0.965
29.010 0.616 -0.649
29.035 0.705 -0.382
29.060 0.727 -0.041
29.085 0.772 0.274
29.110 0.816 0.663
29.135 0.838 1.028
29.160 0.860 1.344
29.185 0.794 1.659
29.210 0.772 2.000
29.235 0.749 2.364
29.260 0.683 2.680
29.285 0.616 2.972
29.310 0.505 3.263
29.335 0.372 3.506
29.360 0.305 3.725
29.385 0.172 3.968
29.410 0.083 4.162
29.435 -0.005 4.332
29.460 -0.116 4.478
29.485 -0.250 4.551
29.510 -0.472 4.575
29.535 -0.583 4.575
29.560 -0.760 4.551
29.585 -0.871 4.503
29.610 -0.960 4.478
29.635 -1.115 4.357
29.660 -1.226 4.211
29.685 -1.360 4.041
29.710 -1.471 3.798
29.735 -1.559 3.628
29.760 -1.626 3.336
29.785 -1.759 3.020
29.810 -1.892 2.704
29.835 -1.937 2.389
29.860 -1.959 2.073
29.885 -1.892 1.757
29.910 -1.981 1.368
29.935 -1.981 1.003
29.960 -1.981 0.639
29.985 -1.959 0.274
30.010 -1.937 -0.090
30.035 -1.892 -0.357
30.060 -1.826 -0.722
30.085 -1.693 -1.062
30.110 -1.693 -1.329
30.135 -1.582 -1.548
30.160 -1.471 -1.815
30.185 -1.315 -2.058
30.210 -1.271 -2.180
30.235 -1.138 -2.326
30.260 -1.071 -2.447
30.285 -0.982 -2.593
30.310 -0.871 -2.690
30.335 -0.716 -2.690
30.360 -0.583 -2.617
30.385 -0.427 -2.569
30.410 -0.294 -2.447
30.435 -0.161 -2.301
30.460 -0.094 -2.156
30.485 -0.005 -1.985
30.510 0.061 -1.742
30.535 0.194 -1.451
30.560 0.261 -1.232
30.585 0.328 -0.916
30.610 0.439 -0.576
30.635 0.461 -0.260
30.660 0.527 0.129
30.685 0.505 0.445
30.710 0.527 0.785
30.735 0.550 1.173
30.760 0.527 1.635
30.785 0.527 1.951
30.810 0.505 2.340
30.835 0.439 2.656
30.860 0.328 3.045
30.885 0.328 3.312
30.910 0.194 3.579
30.935 0.194 3.822
30.960 0.039 4.041
30.985 -0.028 4.308
31.010 -0.161 4.478
31.035 -0.227 4.624
31.060 -0.294 4.697
31.085 -0.383 4.794
31.110 -0.583 4.818
31.135 -0.671 4.843
31.160 -0.782 4.818
31.185 -0.871 4.697
31.210 -1.004 4.575
31.235 -1.093 4.430
31.260 -1.182 4.284
31.285 -1.271 4.041
31.310 -1.360 3.871
31.335 -1.448 3.458
31.360 -1.537 3.336
31.385 -1.559 2.923
31.410 -1.559 2.607
31.435 -1.626 2.243
31.460 -1.582 1.902
31.485 -1.604 1.465
31.510 -1.670 1.101
31.535 -1.715 0.687
31.560 -1.693 0.347
31.585 -1.648 -0.017
31.610 -1.604 -0.382
31.635 -1.515 -0.698
31.660 -1.537 -1.038
31.685 -1.493 -1.378
31.710 -1.426 -1.621
31.735 -1.360 -1.888
31.760 -1.249 -2.156
31.785 -1.160 -2.374
31.810 -1.093 -2.593
31.835 -0.960 -2.714
31.860 -0.893 -2.739
31.885 -0.738 -2.860
31.910 -0.694 -2.860
31.935 -0.627 -2.885
31.960 -0.538 -2.787
31.985 -0.405 -2.690
32.010 -0.338 -2.544
32.035 -0.272 -2.423
32.060 -0.227 -2.204
32.085 -0.094 -1.937
32.110 -0.028 -1.694
32.135 0.083 -1.427
32.160 0.106 -1.111
32.185 0.150 -0.795
32.210 0.194 -0.430
32.235 0.194 -0.017
32.260 0.194 0.372
32.285 0.283 0.687
32.310 0.217 1.003
32.335 0.239 1.514
32.360 0.194 1.854
32.385 0.172 2.267
32.410 0.172 2.680
32.435 0.172 2.972
32.460 0.017 3.336
32.485 -0.005 3.676
32.510 -0.072 3.968
32.535 -0.116 4.162
32.560 -0.205 4.430
32.585 -0.272 4.551
32.610 -0.405 4.746
32.635 -0.427 4.891
32.660 -0.516 4.964
32.685 -0.538 5.013
32.710 -0.671 5.013
32.735 -0.738 4.989
32.760 -0.782 4.940
32.785 -0.827 4.794
32.810 -0.916 4.673
32.835 -1.004 4.478
32.860 -1.093 4.284
32.885 -1.115 4.065
32.910 -1.204 3.798
32.935 -1.249 3.458
32.960 -1.315 3.117
32.985 -1.337 2.826
33.010 -1.404 2.389
33.035 -1.360 2.000
33.060 -1.360 1.732
33.085 -1.382 1.246
33.110 -1.382 0.833
33.135 -1.360 0.469
33.160 -1.382 0.080
33.185 -1.293 -0.309
33.210 -1.293 -0.649
33.235 -1.226 -1.013
33.260 -1.204 -1.354
33.285 -1.182 -1.718
33.310 -1.115 -1.888
33.335 -1.093 -2.156
33.360 -1.027 -2.374
33.385 -0.893 -2.642
33.410 -0.849 -2.739
33.435 -0.871 -2.885
33.460 -0.760 -2.909
33.485 -0.694 -2.982
33.510 -0.649 -2.982
33.535 -0.583 -2.933
33.560 -0.516 -2.836
33.585 -0.472 -2.714
33.610 -0.405 -2.520
33.635 -0.316 -2.350
33.660 -0.272 -2.107
33.685 -0.227 -1.888
33.710 -0.250 -1.548
33.735 -0.205 -1.256
33.760 -0.183 -0.916
33.785 -0.094 -0.576
33.810 -0.050 -0.163
33.835 -0.028 0.177
33.860 -0.139 0.615
33.885 -0.050 1.028
33.910 -0.116 1.392
33.935 -0.072 1.757
33.960 -0.139 2.170
33.985 -0.139 2.559
34.010 -0.161 2.972
34.035 -0.139 3.288
34.060 -0.250 3.579
34.085 -0.272 3.895
34.110 -0.338 4.211
34.135 -0.361 4.430
34.160 -0.405 4.648
34.185 -0.383 4.818
34.210 -0.516 4.916
34.235 -0.494 5.037
34.260 -0.583 5.110
34.285 -0.694 5.086
34.310 -0.716 5.159
34.335 -0.716 5.037
34.360 -0.782 4.964
34.385 -0.805 4.818
34.410 -0.893 4.673
34.435 -0.938 4.405
34.460 -0.938 4.211
34.485 -0.938 3.871
34.510 -0.982 3.628
34.535 -0.960 3.312
34.560 -1.049 2.923
34.585 -1.049 2.559
34.610 -1.027 2.194
34.635 -1.049 1.781
34.660 -1.115 1.416
34.685 -1.093 1.003
34.710 -1.071 0.639
34.735 -1.027 0.201
34.760 -1.027 -0.187
34.785 -1.004 -0.625
34.810 -1.004 -0.941
34.835 -0.960 -1.329
34.860 -0.893 -1.670
34.885 -0.893 -1.937
34.910 -0.938 -2.180
34.935 -0.805 -2.374
34.960 -0.805 -2.593
34.985 -0.782 -2.836
35.010 -0.760 -2.982
35.035 -0.694 -3.030
35.060 -0.694 -3.055
35.085 -0.649 -3.079
35.110 -0.605 -3.055
35.135 -0.560 -3.030
35.160 -0.538 -2.885
35.185 -0.538 -2.714
35.210 -0.494 -2.496
35.235 -0.472 -2.253
35.260 -0.472 -2.010
35.285 -0.427 -1.718
35.310 -0.494 -1.378
35.335 -0.383 -1.062
35.360 -0.449 -0.673
35.385 -0.405 -0.357
35.410 -0.405 0.031
35.435 -0.405 0.445
35.460 -0.383 0.882
35.485 -0.383 1.271
35.510 -0.427 1.659
35.535 -0.427 2.073
35.560 -0.449 2.486
35.585 -0.427 2.826
35.610 -0.472 3.215
35.635 -0.472 3.555
35.660 -0.516 3.798
35.685 -0.494 4.114
35.710 -0.494 4.405
35.735 -0.516 4.624
35.760 -0.627 4.770
35.785 -0.605 4.940
35.810 -0.583 5.013
35.835 -0.583 5.134
35.860 -0.627 5.159
35.885 -0.671 5.134
35.910 -0.716 5.086
35.935 -0.738 5.037
35.960 -0.716 4.916
35.985 -0.694 4.697
36.010 -0.716 4.527
36.035 -0.671 4.284
36.060 -0.716 4.041
36.085 -0.782 3.725
36.110 -0.760 3.409
36.135 -0.738 3.045
36.160 -0.760 2.656
36.185 -0.760 2.267
36.210 -0.782 1.902
36.235 -0.716 1.489
36.260 -0.760 1.052
36.285 -0.738 0.687
36.310 -0.716 0.274
36.335 -0.716 -0.114
36.360 -0.738 -0.503
36.385 -0.738 -0.843
36.410 -0.738 -1.208
36.435 -0.671 -1.572
36.460 -0.671 -1.840
36.485 -0.649 -2.131
36.510 -0.671 -2.423
36.535 -0.671 -2.593
36.560 -0.649 -2.739
36.585 -0.627 -2.885
36.610 -0.627 -2.982
36.635 -0.649 -3.055
36.660 -0.694 -3.079
36.685 -0.649 -3.055
36.710 -0.649 -3.006
36.735 -0.649 -2.909
36.760 -0.627 -2.763
36.785 -0.627 -2.544
36.810 -0.649 -2.301
36.835 -0.649 -2.083
36.860 -0.649 -1.864
36.885 -0.671 -1.499
36.910 -0.671 -1.208
36.935 -0.694 -0.819
36.960 -0.671 -0.455
36.985 -0.671 -0.041
37.010 -0.694 0.323
37.035 -0.694 0.736
37.060 -0.649 1.149
37.085 -0.694 1.562
37.110 -0.738 1.975
37.135 -0.760 2.364
37.160 -0.738 2.704
37.185 -0.738 3.117
37.210 -0.694 3.433
37.235 -0.760 3.798
37.260 -0.716 4.041
37.285 -0.671 4.357
37.310 -0.694 4.575
37.335 -0.694 4.746
37.360 -0.671 4.843
37.385 -0.694 5.013
37.410 -0.649 5.061
37.435 -0.671 5.159
37.460 -0.627 5.134
37.485 -0.649 5.086
37.510 -0.671 4.989
37.535 -0.605 4.964
37.560 -0.583 4.746
37.585 -0.583 4.575
37.610 -0.516 4.332
37.635 -0.560 4.114
37.660 -0.516 3.798
37.685 -0.560 3.531
37.710 -0.494 3.166
37.735 -0.494 2.850
37.760 -0.427 2.413
37.785 -0.472 2.097
37.810 -0.449 1.684
37.835 -0.494 1.222
37.860 -0.494 0.785
37.885 -0.449 0.469
37.910 -0.449 0.007
37.935 -0.449 -0.309
37.960 -0.427 -0.722
37.985 -0.449 -1.086
38.010 -0.427 -1.402
38.035 -0.494 -1.742
38.060 -0.472 -1.985
38.085 -0.516 -2.253
38.110 -0.494 -2.544
38.135 -0.494 -2.666
38.160 -0.560 -2.836
38.185 -0.671 -2.933
38.210 -0.605 -2.982
38.235 -0.671 -2.982
38.260 -0.694 -3.055
38.285 -0.716 -2.982
38.310 -0.738 -2.933
38.335 -0.716 -2.690
38.360 -0.805 -2.569
38.385 -0.916 -2.399
38.410 -0.849 -2.131
38.435 -0.893 -1.815
38.460 -0.916 -1.572
38.485 -0.938 -1.256
38.510 -0.938 -0.916
38.535 -1.049 -0.600
38.560 -0.982 -0.236
38.585 -0.960 0.226
38.610 -0.960 0.615
38.635 -1.004 1.052
38.660 -0.982 1.416
38.685 -0.938 1.830
38.710 -0.982 2.145
38.735 -1.004 2.583
38.760 -0.960 2.899
38.785 -0.982 3.336
38.810 -0.938 3.579
38.835 -0.960 3.871
38.860 -0.916 4.138
38.885 -0.916 4.381
38.910 -0.849 4.575
38.935 -0.827 4.721
38.960 -0.760 4.867
38.985 -0.760 5.013
39.010 -0.671 5.013
39.035 -0.671 5.037
39.060 -0.605 5.037
39.085 -0.538 4.989
39.110 -0.516 4.891
39.135 -0.472 4.746
39.160 -0.405 4.527
39.185 -0.383 4.332
39.210 -0.316 4.090
39.235 -0.338 3.846
39.260 -0.294 3.555
39.285 -0.272 3.190
39.310 -0.205 2.850
39.335 -0.205 2.534
39.360 -0.161 2.097
39.385 -0.205 1.732
39.410 -0.139 1.319
39.435 -0.139 0.979
39.460 -0.161 0.542
39.485 -0.205 0.201
39.510 -0.161 -0.212
39.535 -0.161 -0.552
39.560 -0.205 -0.941
39.585 -0.272 -1.232
39.610 -0.272 -1.597
39.635 -0.316 -1.815
39.660 -0.361 -2.180
39.685 -0.361 -2.326
39.710 -0.449 -2.471
39.735 -0.472 -2.617
39.760 -0.516 -2.739
39.785 -0.649 -2.860
39.810 -0.583 -2.933
39.835 -0.649 -2.909
39.860 -0.738 -2.860
39.885 -0.805 -2.787
39.910 -0.805 -2.666
39.935 -0.916 -2.520
39.960 -0.960 -2.399
39.985 -1.049 -2.131
40.010 -1.071 -1.888
40.035 -1.093 -1.621
40.060 -1.160 -1.256
40.085 -1.160 -0.941
40.110 -1.204 -0.625
40.135 -1.293 -0.236
40.160 -1.271 0.153
40.185 -1.271 0.469
40.210 -1.271 0.833
40.235 -1.293 1.271
40.260 -1.226 1.684
40.285 -1.315 2.121
40.310 -1.315 2.389
40.335 -1.249 2.729
40.360 -1.226 3.069
40.385 -1.182 3.458
40.410 -1.138 3.701
40.435 -1.115 4.017
40.460 -1.071 4.187
40.485 -0.960 4.454
40.510 -0.893 4.551
40.535 -0.893 4.673
40.560 -0.782 4.818
40.585 -0.760 4.891
40.610 -0.627 4.867
40.635 -0.538 4.916
40.660 -0.494 4.794
40.685 -0.449 4.721
40.710 -0.383 4.600
40.735 -0.294 4.503
40.760 -0.205 4.260
40.785 -0.161 4.090
40.810 -0.050 3.846
40.835 -0.050 3.579
40.860 -0.005 3.215
40.885 -0.005 2.923
40.910 0.083 2.583
40.935 0.039 2.218
40.960 0.150 1.854
40.985 0.128 1.465
41.010 0.128 1.125
41.035 0.150 0.736
41.060 0.128 0.299
41.085 0.083 -0.041
41.110 0.128 -0.357
41.135 0.061 -0.770
41.160 0.017 -1.086
41.185 -0.028 -1.354
41.210 -0.116 -1.694
41.235 -0.183 -1.888
41.260 -0.250 -2.107
41.285 -0.294 -2.253
41.310 -0.316 -2.496
41.335 -0.516 -2.593
41.360 -0.560 -2.690
41.385 -0.627 -2.690
41.410 -0.649 -2.739
41.435 -0.849 -2.714
41.460 -0.849 -2.593
41.485 -0.938 -2.496
41.510 -1.004 -2.423
41.535 -1.093 -2.277
41.560 -1.226 -2.034
41.585 -1.271 -1.767
41.610 -1.315 -1.524
41.635 -1.382 -1.256
41.660 -1.426 -0.989
41.685 -1.515 -0.625
41.710 -1.493 -0.284
41.735 -1.537 0.056
41.760 -1.559 0.396
41.785 -1.604 0.833
41.810 -1.582 1.125
41.835 -1.582 1.538
41.860 -1.537 1.902
41.885 -1.515 2.267
41.910 -1.493 2.583
41.935 -1.448 2.923
41.960 -1.404 3.215
41.985 -1.360 3.482
42.010 -1.249 3.749
42.035 -1.226 3.992
42.060 -1.115 4.162
42.085 -1.093 4.430
42.110 -0.916 4.527
42.135 -0.893 4.575
42.160 -0.760 4.673
42.185 -0.649 4.697
42.210 -0.605 4.697
42.235 -0.494 4.673
42.260 -0.338 4.600
42.285 -0.272 4.503
42.310 -0.161 4.332
42.335 -0.139 4.211
42.360 0.039 3.992
42.385 0.039 3.749
42.410 0.128 3.506
42.435 0.261 3.263
42.460 0.328 2.972
42.485 0.350 2.559
42.510 0.394 2.218
42.535 0.416 1.854
42.560 0.416 1.538
42.585 0.394 1.125
42.610 0.416 0.833
42.635 0.394 0.420
42.660 0.394 0.153
42.685 0.305 -0.236
42.710 0.305 -0.576
42.735 0.239 -0.868
42.760 0.194 -1.135
42.785 0.150 -1.427
42.810 0.039 -1.694
42.835 -0.094 -1.888
42.860 -0.139 -2.107
42.885 -0.250 -2.253
42.910 -0.316 -2.277
42.935 -0.472 -2.399
42.960 -0.560 -2.520
42.985 -0.716 -2.544
43.010 -0.827 -2.520
43.035 -0.916 -2.423
43.060 -1.071 -2.350
43.085 -1.160 -2.277
43.110 -1.204 -2.107
43.135 -1.315 -1.913
43.160 -1.404 -1.670
43.185 -1.515 -1.451
43.210 -1.559 -1.159
43.235 -1.693 -0.916
43.260 -1.693 -0.649
43.285 -1.759 -0.309
43.310 -1.804 0.007
43.335 -1.804 0.372
43.360 -1.781 0.687
43.385 -1.848 1.076
43.410 -1.804 1.416
43.435 -1.848 1.708
43.460 -1.781 2.097
43.485 -1.693 2.389
43.510 -1.715 2.631
43.535 -1.604 2.947
43.560 -1.537 3.239
43.585 -1.426 3.482
43.610 -1.404 3.725
43.635 -1.293 3.895
43.660 -1.182 4.065
43.685 -0.982 4.235
43.710 -0.938 4.332
43.735 -0.827 4.430
43.760 -0.694 4.405
43.785 -0.560 4.430
43.810 -0.405 4.405
43.835 -0.294 4.381
43.860 -0.250 4.284
43.885 -0.116 4.187
43.910 0.061 4.041
43.935 0.194 3.822
43.960 0.239 3.603
43.985 0.350 3.409
44.010 0.416 3.166
44.035 0.461 2.850
44.060 0.550 2.583
44.085 0.572 2.218
44.110 0.638 1.878
44.135 0.638 1.635
44.160 0.638 1.271
44.185 0.727 1.003
44.210 0.705 0.590
44.235 0.594 0.299
44.260 0.594 0.031
44.285 0.550 -0.333
44.310 0.461 -0.552
44.335 0.372 -0.916
44.360 0.283 -1.159
44.385 0.239 -1.378
44.410 0.083 -1.572
44.435 0.017 -1.742
44.460 -0.139 -1.888
44.485 -0.272 -2.058
44.510 -0.405 -2.107
44.535 -0.494 -2.180
44.560 -0.671 -2.180
44.585 -0.827 -2.204
44.610 -0.938 -2.204
44.635 -1.071 -2.131
44.660 -1.182 -2.010
44.685 -1.293 -1.864
44.710 -1.493 -1.694
44.735 -1.515 -1.524
44.760 -1.648 -1.329
44.785 -1.759 -1.111
44.810 -1.804 -0.795
44.835 -1.892 -0.576
44.860 -2.026 -0.260
44.885 -2.026 -0.041
44.910 -2.048 0.250
44.935 -2.092 0.590
44.960 -2.092 0.979
44.985 -2.070 1.246
45.010 -2.092 1.562
45.035 -2.003 1.830
45.060 -1.937 2.194
45.085 -1.915 2.461
45.110 -1.848 2.729
45.135 -1.693 3.045
45.160 -1.626 3.215
45.185 -1.515 3.409
45.210 -1.426 3.628
45.235 -1.315 3.774
45.260 -1.204 3.895
45.285 -1.004 4.041
45.310 -0.938 4.138
45.335 -0.760 4.138
45.360 -0.649 4.138
45.385 -0.405 4.138
45.410 -0.250 4.090
45.435 -0.116 4.065
45.460 -0.028 3.944
45.485 0.172 3.822
45.510 0.239 3.628
45.535 0.416 3.458
45.560 0.505 3.263
45.585 0.616 3.020
45.610 0.727 2.777
45.635 0.749 2.534
45.660 0.816 2.267
45.685 0.860 1.975
45.710 0.838 1.708
45.735 0.883 1.368
45.760 0.860 1.101
45.785 0.883 0.785
45.810 0.860 0.493
45.835 0.838 0.177
45.860 0.705 -0.041
45.885 0.616 -0.333
45.910 0.572 -0.600
45.935 0.483 -0.892
45.960 0.372 -1.062
45.985 0.261 -1.281
46.010 0.106 -1.402
46.035 -0.028 -1.597
46.060 -0.183 -1.694
46.085 -0.338 -1.767
46.110 -0.494 -1.840
46.135 -0.649 -1.888
46.160 -0.827 -1.864
46.185 -0.982 -1.791
46.210 -1.115 -1.767
46.235 -1.293 -1.718
46.260 -1.448 -1.597
46.285 -1.493 -1.499
46.310 -1.693 -1.354
46.335 -1.804 -1.184
46.360 -1.892 -0.965
46.385 -2.003 -0.746
46.410 -2.114 -0.455
46.435 -2.137 -0.236
46.460 -2.225 0.031
46.485 -2.203 0.299
46.510 -2.292 0.639
46.535 -2.292 0.833
46.560 -2.248 1.149
46.585 -2.203 1.416
46.610 -2.137 1.708
46.635 -2.137 1.975
46.660 -2.092 2.291
46.685 -2.048 2.461
46.710 -1.915 2.704
46.735 -1.781 2.923
46.760 -1.737 3.069
46.785 -1.604 3.288
46.810 -1.404 3.482
46.835 -1.204 3.506
46.860 -1.093 3.603
46.885 -0.960 3.701
46.910 -0.782 3.798
46.935 -0.627 3.822
46.960 -0.405 3.846
46.985 -0.250 3.749
47.010 -0.116 3.774
47.035 0.017 3.676
47.060 0.150 3.506
47.085 0.372 3.409
47.110 0.483 3.239
47.135 0.616 3.020
47.160 0.749 2.923
47.185 0.816 2.656
47.210 0.905 2.461
47.235 0.971 2.194
47.260 1.016 2.000
47.285 1.105 1.732
47.310 1.082 1.416
47.335 1.127 1.198
47.360 1.105 0.930
47.385 1.082 0.639
47.410 0.971 0.347
47.435 0.971 0.153
47.460 0.838 -0.090
47.485 0.727 -0.357
47.510 0.616 -0.527
47.535 0.483 -0.722
47.560 0.350 -0.916
47.585 0.283 -1.086
47.610 0.083 -1.184
47.635 -0.072 -1.305
47.660 -0.294 -1.402
47.685 -0.405 -1.427
47.710 -0.583 -1.451
47.735 -0.738 -1.499
47.760 -0.982 -1.451
47.785 -1.160 -1.451
47.810 -1.337 -1.378
47.835 -1.515 -1.305
47.860 -1.626 -1.232
47.885 -1.737 -1.062
47.910 -1.892 -0.965
47.935 -1.981 -0.770
47.960 -2.114 -0.576
47.985 -2.225 -0.382
48.010 -2.336 -0.163
48.035 -2.359 0.031
48.060 -2.425 0.347
48.085 -2.403 0.615
48.110 -2.403 0.785
48.135 -2.470 0.979
48.160 -2.425 1.271
48.185 -2.336 1.514
48.210 -2.336 1.757
48.235 -2.225 1.951
48.260 -2.137 2.218
48.285 -2.048 2.340
48.310 -1.981 2.559
48.335 -1.804 2.704
48.360 -1.693 2.899
48.385 -1.471 3.093
48.410 -1.315 3.166
48.435 -1.182 3.215
48.460 -1.004 3.312
48.485 -0.849 3.336
48.510 -0.649 3.433
48.535 -0.427 3.409
48.560 -0.250 3.409
48.585 -0.116 3.361
48.610 0.061 3.263
48.635 0.261 3.166
48.660 0.394 3.117
48.685 0.594 3.020
48.710 0.661 2.874
48.735 0.838 2.680
48.760 0.994 2.559
48.785 1.082 2.316
48.810 1.127 2.097
48.835 1.193 1.902
48.860 1.238 1.635
48.885 1.349 1.465
48.910 1.260 1.271
48.935 1.282 1.028
48.960 1.216 0.785
48.985 1.260 0.663
49.010 1.127 0.372
49.035 0.994 0.153
49.060 0.860 -0.066
49.085 0.816 -0.284
49.110 0.638 -0.406
49.135 0.527 -0.576
49.160 0.372 -0.698
49.185 0.305 -0.795
49.210 0.017 -0.916
49.235 -0.183 -0.965
49.260 -0.383 -1.013
49.285 -0.583 -1.062
49.310 -0.716 -1.111
49.335 -0.893 -1.062
49.360 -1.160 -1.038
49.385 -1.315 -1.062
49.410 -1.515 -0.965
49.435 -1.693 -0.892
49.460 -1.870 -0.819
49.485 -2.003 -0.673
49.510 -2.114 -0.455
49.535 -2.225 -0.357
49.560 -2.359 -0.187
49.585 -2.403 -0.041
49.610 -2.492 0.153
49.635 -2.558 0.347
49.660 -2.603 0.542
49.685 -2.581 0.712
49.710 -2.603 0.955
49.735 -2.536 1.149
49.760 -2.581 1.295
49.785 -2.425 1.514
49.810 -2.359 1.757
49.835 -2.314 1.878
49.860 -2.203 2.121
49.885 -2.092 2.243
49.910 -1.959 2.437
49.935 -1.781 2.534
49.960 -1.626 2.704
49.985 -1.493 2.753
50.010 -1.293 2.826
50.035 -1.093 2.923
50.060 -0.871 2.972
50.085 -0.694 3.020
50.110 -0.427 3.045
50.135 -0.227 2.972
50.160 -0.094 2.947
50.185 0.128 2.899
50.210 0.328 2.874
50.235 0.483 2.802
50.260 0.616 2.729
50.285 0.838 2.656
50.310 0.949 2.510
50.335 1.105 2.267
50.360 1.149 2.218
50.385 1.282 2.024
50.410 1.371 1.830
50.435 1.415 1.635
50.460 1.415 1.514
50.485 1.415 1.295
50.510 1.460 1.149
50.535 1.415 0.979
50.560 1.282 0.809
50.585 1.238 0.615
50.610 1.149 0.469
50.635 1.082 0.323
50.660 0.927 0.129
50.685 0.794 -0.017
50.710 0.661 -0.212
50.735 0.461 -0.284
50.760 0.261 -0.382
50.785 0.106 -0.527
50.810 -0.094 -0.552
50.835 -0.316 -0.600
50.860 -0.516 -0.576
50.885 -0.760 -0.649
50.910 -0.960 -0.673
50.935 -1.160 -0.673
50.960 -1.337 -0.600
50.985 -1.493 -0.576
51.010 -1.670 -0.455
51.035 -1.870 -0.455
51.060 -2.026 -0.357
51.085 -2.181 -0.284
51.110 -2.381 -0.139
51.135 -2.470 -0.017
51.160 -2.581 0.129
51.185 -2.558 0.274
51.210 -2.669 0.420
51.235 -2.692 0.542
51.260 -2.758 0.760
51.285 -2.714 0.858
51.310 -2.736 1.052
51.335 -2.669 1.149
51.360 -2.625 1.319
51.385 -2.558 1.489
51.410 -2.470 1.611
51.435 -2.381 1.708
51.460 -2.181 1.902
51.485 -2.048 2.048
51.510 -1.848 2.121
51.535 -1.670 2.218
51.560 -1.537 2.340
51.585 -1.271 2.486
51.610 -1.138 2.486
51.635 -0.916 2.559
51.660 -0.738 2.486
51.685 -0.494 2.583
51.710 -0.316 2.583
51.735 -0.050 2.534
51.760 0.128 2.534
51.785 0.328 2.461
51.810 0.461 2.389
51.835 0.705 2.316
51.860 0.860 2.291
51.885 1.038 2.170
51.910 1.216 2.048
51.935 1.260 1.951
51.960 1.349 1.854
51.985 1.438 1.757
52.010 1.504 1.611
52.035 1.526 1.465
52.060 1.482 1.319
52.085 1.549 1.198
52.110 1.504 1.076
52.135 1.504 0.906
52.160 1.415 0.833
52.185 1.282 0.663
52.210 1.171 0.542
52.235 1.082 0.396
52.260 0.883 0.250
52.285 0.772 0.177
52.310 0.572 0.129
52.335 0.328 0.007
52.360 0.194 -0.017
52.385 0.017 -0.090
52.410 -0.227 -0.187
52.435 -0.472 -0.139
52.460 -0.716 -0.212
52.485 -0.916 -0.163
52.510 -1.115 -0.212
52.535 -1.315 -0.212
52.560 -1.559 -0.212
52.585 -1.715 -0.139
52.610 -1.870 -0.066
52.635 -2.048 -0.017
52.660 -2.137 0.007
52.685 -2.314 0.129
52.710 -2.447 0.226
52.735 -2.558 0.347
52.760 -2.669 0.420
52.785 -2.758 0.517
52.810 -2.803 0.639
52.835 -2.825 0.760
52.860 -2.847 0.809
52.885 -2.780 0.955
52.910 -2.692 1.003
52.935 -2.714 1.149
52.960 -2.625 1.271
52.985 -2.536 1.392
53.010 -2.381 1.441
53.035 -2.292 1.538
53.060 -2.225 1.659
53.085 -2.026 1.757
53.110 -1.804 1.805
53.135 -1.604 1.878
53.160 -1.426 1.927
53.185 -1.226 2.000
53.210 -1.004 2.000
53.235 -0.782 2.048
53.260 -0.472 2.048
53.285 -0.272 2.048
53.310 -0.072 2.073
53.335 0.083 2.048
53.360 0.328 1.975
53.385 0.483 2.000
53.410 0.705 1.951
53.435 0.883 1.927
53.460 1.016 1.878
53.485 1.127 1.830
53.510 1.327 1.732
53.535 1.393 1.659
53.560 1.526 1.562
53.585 1.526 1.538
53.610 1.593 1.465
53.635 1.593 1.416
53.660 1.637 1.246
53.685 1.593 1.173
53.710 1.549 1.076
53.735 1.460 1.003
53.760 1.415 0.882
53.785 1.282 0.858
53.810 1.171 0.712
53.835 0.994 0.639
53.860 0.883 0.590
53.885 0.616 0.542
53.910 0.483 0.493
53.935 0.217 0.445
53.960 0.017 0.372
53.985 -0.161 0.347
54.010 -0.405 0.347
54.035 -0.649 0.347
54.060 -0.871 0.250
54.085 -1.093 0.250
54.110 -1.271 0.226
54.135 -1.471 0.274
54.160 -1.670 0.299
54.185 -1.892 0.347
54.210 -2.070 0.323
54.235 -2.248 0.420
54.260 -2.359 0.445
54.285 -2.470 0.469
54.310 -2.581 0.469
54.335 -2.714 0.542
54.360 -2.803 0.590
54.385 -2.825 0.687
54.410 -2.825 0.736
54.435 -2.891 0.809
54.460 -2.869 0.858
54.485 -2.825 0.955
54.510 -2.803 0.979
54.535 -2.736 1.076
54.560 -2.581 1.125
54.585 -2.514 1.198
54.610 -2.425 1.222
54.635 -2.225 1.319
54.660 -2.092 1.344
54.685 -1.892 1.416
54.710 -1.715 1.489
54.735 -1.471 1.562
54.760 -1.271 1.514
54.785 -1.071 1.514
54.810 -0.827 1.562
54.835 -0.627 1.611
54.860 -0.383 1.562
54.885 -0.183 1.635
54.910 0.017 1.538
54.935 0.217 1.562
54.960 0.461 1.587
54.985 0.638 1.611
55.010 0.816 1.562
55.035 0.994 1.587
55.060 1.193 1.538
55.085 1.304 1.562
55.110 1.415 1.489
55.135 1.482 1.465
55.160 1.593 1.392
55.185 1.615 1.344
55.210 1.660 1.271
55.235 1.637 1.344
55.260 1.637 1.319
55.285 1.549 1.246
55.310 1.571 1.125
55.335 1.460 1.173
55.360 1.260 1.052
55.385 1.149 1.003
55.410 1.038 0.979
55.435 0.860 0.979
55.460 0.705 0.955
55.485 0.527 0.930
55.510 0.283 0.858
55.535 0.061 0.882
55.560 -0.072 0.809
55.585 -0.338 0.785
55.610 -0.516 0.736
55.635 -0.760 0.760
55.660 -1.004 0.736
55.685 -1.226 0.785
55.710 -1.448 0.687
55.735 -1.670 0.736
55.760 -1.870 0.663
55.785 -2.048 0.736
55.810 -2.181 0.736
55.835 -2.381 0.760
55.860 -2.470 0.736
55.885 -2.625 0.785
55.910 -2.736 0.736
55.935 -2.803 0.760
55.960 -2.891 0.809
55.985 -2.891 0.833
56.010 -2.914 0.858
56.035 -2.891 0.882
56.060 -2.780 0.858
56.085 -2.825 0.906
56.110 -2.758 0.906
56.135 -2.647 0.930
56.160 -2.558 0.882
56.185 -2.470 0.955
56.210 -2.225 0.979
56.235 -2.114 1.028
56.260 -1.915 0.979
56.285 -1.781 1.003
56.310 -1.582 1.003
56.335 -1.315 1.052
56.360 -1.138 1.076
56.385 -0.893 1.125
56.410 -0.627 1.076
56.435 -0.427 1.101
56.460 -0.205 1.076
56.485 -0.028 1.101
56.510 0.217 1.125
56.535 0.394 1.149
56.560 0.594 1.198
56.585 0.772 1.222
56.610 1.038 1.198
56.635 1.149 1.222
56.660 1.282 1.222
56.685 1.371 1.295
56.710 1.460 1.271
56.735 1.549 1.271
56.760 1.660 1.271
56.785 1.637 1.344
56.810 1.682 1.295
56.835 1.637 1.319
56.860 1.593 1.344
56.885 1.504 1.368
56.910 1.460 1.319
56.935 1.349 1.344
56.960 1.193 1.295
56.985 1.105 1.295
57.010 0.971 1.368
57.035 0.749 1.295
57.060 0.572 1.319
57.085 0.350 1.295
57.110 0.128 1.246
57.135 -0.094 1.271
57.160 -0.294 1.222
57.185 -0.583 1.222
57.210 -0.760 1.198
57.235 -0.938 1.246
57.260 -1.115 1.173
57.285 -1.404 1.101
57.310 -1.626 1.149
57.335 -1.826 1.101
57.360 -1.981 1.101
57.385 -2.181 1.101
57.410 -2.314 1.076
57.435 -2.425 1.052
57.460 -2.536 0.955
57.485 -2.692 0.955
57.510 -2.780 0.858
57.535 -2.825 0.906
57.560 -2.891 0.882
57.585 -2.891 0.785
57.610 -2.847 0.760
57.635 -2.780 0.712
57.660 -2.780 0.736
57.685 -2.714 0.687
57.710 -2.647 0.687
57.735 -2.558 0.687
57.760 -2.447 0.639
57.785 -2.270 0.639
57.810 -2.159 0.566
57.835 -1.937 0.590
57.860 -1.715 0.615
57.885 -1.493 0.615
57.910 -1.315 0.615
57.935 -1.160 0.663
57.960 -0.871 0.663
57.985 -0.671 0.615
58.010 -0.516 0.639
58.035 -0.272 0.687
58.060 0.017 0.760
58.085 0.172 0.736
58.110 0.372 0.736
58.135 0.572 0.760
58.160 0.749 0.809
58.185 0.927 0.906
58.210 1.082 0.955
58.235 1.238 1.003
58.260 1.304 1.028
58.285 1.460 1.125
58.310 1.504 1.173
58.335 1.549 1.222
58.360 1.593 1.222
58.385 1.593 1.319
58.410 1.615 1.392
58.435 1.526 1.392
58.460 1.482 1.441
58.485 1.371 1.465
58.510 1.327 1.538
58.535 1.171 1.514
58.560 1.082 1.611
58.585 0.971 1.611
58.610 0.772 1.684
58.635 0.572 1.732
58.660 0.372 1.708
58.685 0.194 1.732
58.710 -0.072 1.708
58.735 -0.272 1.708
58.760 -0.427 1.635
58.785 -0.694 1.708
58.810 -0.893 1.587
58.835 -1.093 1.635
58.860 -1.315 1.635
58.885 -1.537 1.587
58.910 -1.759 1.489
58.935 -1.937 1.514
58.960 -2.137 1.416
58.985 -2.248 1.368
59.010 -2.425 1.295
59.035 -2.558 1.173
59.060 -2.647 1.125
59.085 -2.780 1.076
59.110 -2.847 1.003
59.135 -2.891 0.930
59.160 -2.869 0.906
59.185 -2.825 0.809
59.210 -2.803 0.639
59.235 -2.780 0.639
59.260 -2.714 0.566
59.285 -2.625 0.542
59.310 -2.536 0.445
59.335 -2.447 0.396
59.360 -2.270 0.396
59.385 -2.159 0.274
59.410 -2.026 0.250
59.435 -1.781 0.226
59.460 -1.604 0.153
59.485 -1.360 0.177
59.510 -1.182 0.177
59.535 -0.960 0.226
59.560 -0.716 0.201
59.585 -0.538 0.226
59.610 -0.338 0.153
59.635 -0.116 0.250
59.660 0.106 0.274
59.685 0.350 0.323
59.710 0.505 0.420
59.735 0.661 0.469
59.760 0.816 0.517
59.785 1.060 0.615
59.810 1.127 0.712
59.835 1.260 0.809
59.860 1.349 0.930
59.885 1.460 1.003
59.910 1.526 1.076
59.935 1.504 1.149
59.960 1.549 1.246
59.985 1.593 1.368
60.010 1.571 1.441
60.035 1.482 1.538
60.060 1.393 1.611
60.085 1.282 1.757
60.110 1.193 1.805
60.135 1.060 1.830
60.160 0.905 1.951
60.185 0.772 1.975
60.210 0.594 2.024
60.235 0.350 2.048
60.260 0.194 2.073
60.285 0.017 2.145
60.310 -0.272 2.097
60.335 -0.449 2.194
60.360 -0.649 2.145
60.385 -0.871 2.097
60.410 -1.115 2.097
60.435 -1.226 2.073
60.460 -1.404 1.975
60.485 -1.626 1.902
60.510 -1.848 1.830
60.535 -2.026 1.732
60.560 -2.114 1.708
60.585 -2.248 1.611
60.610 -2.403 1.489
60.635 -2.536 1.344
60.660 -2.603 1.271
60.685 -2.581 1.149
60.710 -2.758 1.076
60.735 -2.758 0.906
60.760 -2.758 0.785
60.785 -2.669 0.663
60.810 -2.692 0.517
60.835 -2.669 0.420
60.860 -2.581 0.347
60.885 -2.470 0.226
60.910 -2.403 0.104
60.935 -2.270 0.080
60.960 -2.114 -0.066
60.985 -1.981 -0.090
61.010 -1.693 -0.114
61.035 -1.626 -0.114
61.060 -1.426 -0.212
61.085 -1.204 -0.260
61.110 -1.004 -0.236
61.135 -0.782 -0.236
61.160 -0.583 -0.260
61.185 -0.338 -0.187
61.210 -0.161 -0.163
61.235 0.017 -0.090
61.260 0.239 -0.041
61.285 0.394 0.007
61.310 0.572 0.153
61.335 0.749 0.226
61.360 0.927 0.323
61.385 1.038 0.396
61.410 1.216 0.542
61.435 1.238 0.615
61.460 1.327 0.809
61.485 1.393 0.955
61.510 1.393 1.101
61.535 1.482 1.271
61.560 1.393 1.368
61.585 1.415 1.489
61.610 1.349 1.635
61.635 1.349 1.805
61.660 1.260 1.927
61.685 1.127 2.024
61.710 1.016 2.121
61.735 0.860 2.243
61.760 0.727 2.291
61.785 0.594 2.364
61.810 0.416 2.437
61.835 0.150 2.461
61.860 -0.094 2.510
61.885 -0.250 2.534
61.910 -0.361 2.583
61.935 -0.583 2.559
61.960 -0.871 2.534
61.985 -1.027 2.486
62.010 -1.226 2.461
62.035 -1.404 2.364
62.060 -1.626 2.316
62.085 -1.737 2.218
62.110 -1.981 2.121
62.135 -2.092 1.975
62.160 -2.181 1.902
62.185 -2.314 1.781
62.210 -2.425 1.611
62.235 -2.514 1.368
62.260 -2.581 1.222
62.285 -2.603 1.125
62.310 -2.625 0.979
62.335 -2.603 0.785
62.360 -2.625 0.615
62.385 -2.603 0.445
62.410 -2.536 0.347
62.435 -2.470 0.226
62.460 -2.403 0.104
62.485 -2.314 -0.041
62.510 -2.203 -0.139
62.535 -2.092 -0.284
62.560 -1.959 -0.406
62.585 -1.804 -0.503
62.610 -1.582 -0.527
62.635 -1.426 -0.625
62.660 -1.204 -0.600
62.685 -0.982 -0.625
62.710 -0.805 -0.625
62.735 -0.694 -0.600
62.760 -0.427 -0.552
62.785 -0.272 -0.552
62.810 -0.050 -0.455
62.835 0.128 -0.503
62.860 0.305 -0.333
62.885 0.505 -0.212
62.910 0.616 -0.066
62.935 0.838 0.031
62.960 0.949 0.177
62.985 1.038 0.274
63.010 1.105 0.469
63.035 1.193 0.615
63.060 1.238 0.833
63.085 1.282 1.003
63.110 1.282 1.198
63.135 1.327 1.344
63.160 1.327 1.538
63.185 1.327 1.757
63.210 1.193 1.902
63.235 1.171 2.024
63.260 1.105 2.218
63.285 0.971 2.316
63.310 0.772 2.437
63.335 0.661 2.607
63.360 0.483 2.729
63.385 0.394 2.802
63.410 0.150 2.850
63.435 0.061 2.874
63.460 -0.205 2.899
63.485 -0.338 2.923
63.510 -0.583 2.996
63.535 -0.716 2.947
63.560 -0.938 2.874
63.585 -1.138 2.826
63.610 -1.337 2.729
63.635 -1.448 2.704
63.660 -1.670 2.607
63.685 -1.826 2.486
63.710 -1.981 2.316
63.735 -2.048 2.145
63.760 -2.181 2.024
63.785 -2.225 1.805
63.810 -2.359 1.635
63.835 -2.403 1.441
63.860 -2.447 1.271
63.885 -2.492 1.052
63.910 -2.492 0.930
63.935 -2.492 0.687
63.960 -2.447 0.517
63.985 -2.425 0.274
64.010 -2.359 0.104
64.035 -2.270 -0.041
64.060 -2.159 -0.163
64.085 -2.070 -0.357
64.110 -1.959 -0.455
64.135 -1.781 -0.649
64.160 -1.715 -0.698
64.185 -1.493 -0.843
64.210 -1.426 -0.941
64.235 -1.249 -1.013
64.260 -1.027 -1.013
64.285 -0.827 -1.062
64.310 -0.649 -1.013
64.335 -0.427 -1.013
64.360 -0.294 -0.941
64.385 -0.116 -0.868
64.410 0.017 -0.770
64.435 0.150 -0.649
64.460 0.328 -0.527
64.485 0.527 -0.430
64.510 0.638 -0.212
64.535 0.727 -0.139
64.560 0.794 0.056
64.585 0.905 0.250
64.610 1.038 0.445
64.635 1.105 0.687
64.660 1.082 0.955
64.685 1.171 1.101
64.710 1.149 1.344
64.735 1.127 1.514
64.760 1.105 1.732
64.785 1.082 1.951
64.810 1.016 2.194
64.835 0.905 2.316
64.860 0.794 2.510
64.885 0.683 2.656
64.910 0.550 2.802
64.935 0.416 2.923
64.960 0.217 3.045
64.985 0.083 3.093
65.010 -0.072 3.239
65.035 -0.250 3.239
65.060 -0.427 3.288
65.085 -0.538 3.336
65.110 -0.782 3.312
65.135 -0.938 3.263
65.160 -1.071 3.263
65.185 -1.226 3.045
65.210 -1.360 2.996
65.235 -1.493 2.874
65.260 -1.626 2.802
65.285 -1.737 2.631
65.310 -1.892 2.461
65.335 -2.003 2.218
65.360 -2.114 2.073
65.385 -2.181 1.854
65.410 -2.270 1.635
65.435 -2.248 1.368
65.460 -2.314 1.173
65.485 -2.359 1.003
65.510 -2.381 0.712
65.535 -2.336 0.493
65.560 -2.292 0.250
65.585 -2.203 0.007
65.610 -2.159 -0.139
65.635 -2.048 -0.382
65.660 -1.959 -0.527
65.685 -1.804 -0.795
65.710 -1.759 -0.819
65.735 -1.648 -1.013
65.760 -1.493 -1.135
65.785 -1.337 -1.184
65.810 -1.160 -1.232
65.835 -1.049 -1.305
65.860 -0.893 -1.329
65.885 -0.694 -1.305
65.910 -0.494 -1.354
65.935 -0.338 -1.256
65.960 -0.227 -1.232
65.985 -0.072 -1.159
66.010 0.083 -1.013
66.035 0.239 -0.916
66.060 0.328 -0.746
66.085 0.416 -0.600
66.110 0.550 -0.309
66.135 0.683 -0.187
66.160 0.749 0.056
66.185 0.860 0.250
66.210 0.860 0.542
66.235 0.905 0.760
66.260 0.971 1.052
66.285 0.949 1.246
66.310 0.971 1.514
66.335 0.949 1.732
66.360 0.883 1.951
66.385 0.816 2.218
66.410 0.705 2.437
66.435 0.683 2.656
66.460 0.594 2.826
66.485 0.439 2.923
66.510 0.328 3.117
66.535 0.150 3.288
66.560 0.039 3.433
66.585 -0.072 3.506
66.610 -0.227 3.579
66.635 -0.383 3.603
66.660 -0.538 3.579
66.685 -0.694 3.628
66.710 -0.871 3.652
66.735 -0.982 3.531
66.760 -1.115 3.506
66.785 -1.271 3.312
66.810 -1.382 3.190
66.835 -1.493 3.045
66.860 -1.648 2.874
66.885 -1.759 2.704
66.910 -1.848 2.510
66.935 -1.937 2.340
66.960 -1.981 2.097
66.985 -2.070 1.781
67.010 -2.070 1.538
67.035 -2.114 1.319
67.060 -2.137 1.076
67.085 -2.092 0.785
67.110 -2.114 0.517
67.135 -2.070 0.274
67.160 -2.026 0.031
67.185 -2.026 -0.284
67.210 -1.959 -0.479
67.235 -1.848 -0.698
67.260 -1.737 -0.892
67.285 -1.604 -1.038
67.310 -1.515 -1.208
67.335 -1.404 -1.378
67.360 -1.271 -1.499
67.385 -1.115 -1.524
67.410 -0.982 -1.572
67.435 -0.849 -1.670
67.460 -0.716 -1.597
67.485 -0.583 -1.621
67.510 -0.427 -1.548
67.535 -0.272 -1.524
67.560 -0.183 -1.378
67.585 -0.072 -1.329
67.610 0.039 -1.208
67.635 0.194 -1.038
67.660 0.261 -0.843
67.685 0.461 -0.649
67.710 0.527 -0.406
67.735 0.616 -0.187
67.760 0.638 0.104
67.785 0.683 0.323
67.810 0.749 0.590
67.835 0.705 0.833
67.860 0.683 1.173
67.885 0.705 1.441
67.910 0.683 1.732
67.935 0.661 1.902
67.960 0.572 2.218
67.985 0.616 2.486
68.010 0.483 2.753
68.035 0.439 2.923
68.060 0.283 3.093
68.085 0.217 3.361
68.110 0.017 3.458
68.135 -0.028 3.603
68.160 -0.183 3.701
68.185 -0.272 3.846
68.210 -0.383 3.871
68.235 -0.472 3.944
68.260 -0.694 3.895
68.285 -0.760 3.846
68.310 -0.960 3.822
68.335 -1.004 3.725
68.360 -1.204 3.579
68.385 -1.293 3.458
68.410 -1.448 3.361
68.435 -1.493 3.142
68.460 -1.582 2.947
68.485 -1.648 2.704
68.510 -1.759 2.534
68.535 -1.804 2.194
68.560 -1.848 1.975
68.585 -1.848 1.635
68.610 -1.892 1.441
68.635 -1.937 1.101
68.660 -1.915 0.809
68.685 -1.892 0.493
68.710 -1.892 0.226
68.735 -1.826 0.007
68.760 -1.781 -0.260
68.785 -1.737 -0.600
68.810 -1.693 -0.770
68.835 -1.626 -1.013
68.860 -1.537 -1.159
68.885 -1.382 -1.354
68.910 -1.293 -1.475
68.935 -1.138 -1.621
68.960 -1.093 -1.791
68.985 -1.004 -1.888
69.010 -0.849 -1.840
69.035 -0.716 -1.961
69.060 -0.627 -1.913
69.085 -0.538 -1.888
69.110 -0.361 -1.840
69.135 -0.250 -1.694
69.160 -0.161 -1.524
69.185 -0.050 -1.402
69.210 0.017 -1.184
69.235 0.150 -1.062
69.260 0.261 -0.819
69.285 0.305 -0.625
69.310 0.394 -0.333
69.335 0.394 -0.114
69.360 0.483 0.201
69.385 0.550 0.493
69.410 0.527 0.809
69.435 0.527 1.101
69.460 0.550 1.441
69.485 0.550 1.708
69.510 0.461 2.000
69.535 0.394 2.243
69.560 0.372 2.534
69.585 0.283 2.777
69.610 0.217 3.069
69.635 0.172 3.288
69.660 0.083 3.458
69.685 -0.005 3.628
69.710 -0.072 3.774
69.735 -0.183 3.895
69.760 -0.361 3.992
69.785 -0.427 4.138
69.810 -0.538 4.090
69.835 -0.627 4.114
69.860 -0.694 4.065
69.885 -0.827 3.992
69.910 -0.960 3.968
69.935 -1.049 3.895
69.960 -1.138 3.798
69.985 -1.204 3.603
70.010 -1.337 3.385
70.035 -1.404 3.166
70.060 -1.471 2.923
70.085 -1.493 2.631
70.110 -1.604 2.364
70.135 -1.626 2.073
70.160 -1.670 1.854
70.185 -1.693 1.611
70.210 -1.693 1.271
70.235 -1.737 0.882
70.260 -1.715 0.615
70.285 -1.693 0.299
70.310 -1.648 -0.017
70.335 -1.537 -0.309
70.360 -1.604 -0.625
70.385 -1.515 -0.843
70.410 -1.471 -1.086
70.435 -1.337 -1.305
70.460 -1.226 -1.475
70.485 -1.204 -1.718
70.510 -1.115 -1.864
70.535 -1.027 -1.913
70.560 -0.938 -2.034
70.585 -0.827 -2.058
70.610 -0.716 -2.131
70.635 -0.583 -2.107
70.660 -0.516 -2.083
70.685 -0.427 -2.034
70.710 -0.361 -1.937
70.735 -0.205 -1.791
70.760 -0.139 -1.645
70.785 -0.116 -1.451
70.810 -0.050 -1.256
70.835 0.061 -1.013
70.860 0.106 -0.722
70.885 0.128 -0.503
70.910 0.194 -0.260
70.935 0.261 0.080
70.960 0.239 0.347
70.985 0.239 0.687
71.010 0.217 1.028
71.035 0.283 1.344
71.060 0.283 1.659
71.085 0.239 1.975
71.110 0.194 2.218
71.135 0.150 2.534
71.160 0.128 2.826
71.185 0.061 3.069
71.210 -0.005 3.336
71.235 -0.050 3.531
71.260 -0.139 3.701
71.285 -0.205 3.846
71.310 -0.294 4.065
71.335 -0.361 4.162
71.360 -0.405 4.235
71.385 -0.494 4.332
71.410 -0.605 4.308
71.435 -0.671 4.284
71.460 -0.805 4.211
71.485 -0.871 4.162
71.510 -1.004 4.017
71.535 -1.049 3.919
71.560 -1.049 3.798
71.585 -1.138 3.579
71.610 -1.160 3.361
71.635 -1.226 3.117
71.660 -1.315 2.874
71.685 -1.315 2.607
71.710 -1.315 2.291
71.735 -1.360 2.000
71.760 -1.404 1.659
71.785 -1.404 1.319
71.810 -1.448 1.003
71.835 -1.493 0.687
71.860 -1.448 0.372
71.885 -1.448 0.056
71.910 -1.315 -0.260
71.935 -1.360 -0.552
71.960 -1.337 -0.843
71.985 -1.293 -1.062
72.010 -1.204 -1.354
72.035 -1.138 -1.524
72.060 -1.071 -1.767
72.085 -1.049 -1.913
72.110 -0.960 -2.083
72.135 -0.827 -2.083
72.160 -0.760 -2.228
72.185 -0.738 -2.301
72.210 -0.694 -2.326
72.235 -0.627 -2.277
72.260 -0.560 -2.228
72.285 -0.427 -2.107
72.310 -0.383 -2.034
72.335 -0.316 -1.864
72.360 -0.272 -1.718
72.385 -0.205 -1.524
72.410 -0.139 -1.256
72.435 -0.094 -0.941
72.460 -0.050 -0.673
72.485 -0.116 -0.357
72.510 -0.050 -0.090
72.535 -0.050 0.226
72.560 -0.005 0.542
72.585 -0.028 0.930
72.610 0.039 1.198
72.635 -0.050 1.489
72.660 -0.005 1.902
72.685 -0.050 2.218
72.710 -0.050 2.510
72.735 -0.161 2.826
72.760 -0.116 3.093
72.785 -0.116 3.361
72.810 -0.227 3.579
72.835 -0.316 3.749
72.860 -0.338 3.919
72.885 -0.383 4.090
72.910 -0.405 4.235
72.935 -0.449 4.381
72.960 -0.494 4.357
72.985 -0.605 4.454
73.010 -0.671 4.430
73.035 -0.694 4.454
73.060 -0.738 4.284
73.085 -0.849 4.235
73.110 -0.916 4.065
73.135 -0.982 3.944
73.160 -1.027 3.725
73.185 -1.093 3.531
73.210 -1.093 3.239
73.235 -1.071 3.020
73.260 -1.093 2.729
73.285 -1.138 2.486
73.310 -1.160 2.097
73.335 -1.182 1.830
73.360 -1.204 1.416
73.385 -1.138 1.149
73.410 -1.182 0.785
73.435 -1.160 0.445
73.460 -1.138 0.080
73.485 -1.182 -0.212
73.510 -1.071 -0.552
73.535 -1.049 -0.795
73.560 -1.071 -1.135
73.585 -1.027 -1.378
73.610 -1.004 -1.597
73.635 -0.982 -1.767
73.660 -0.893 -1.985
73.685 -0.827 -2.034
73.710 -0.782 -2.228
73.735 -0.782 -2.350
73.760 -0.649 -2.399
73.785 -0.671 -2.350
73.810 -0.627 -2.350
73.835 -0.605 -2.350
73.860 -0.516 -2.204
73.885 -0.449 -2.083
73.910 -0.472 -1.961
73.935 -0.472 -1.791
73.960 -0.405 -1.572
73.985 -0.383 -1.329
74.010 -0.250 -1.111
74.035 -0.294 -0.819
74.060 -0.272 -0.552
74.085 -0.250 -0.212
74.110 -0.272 0.129
74.135 -0.250 0.445
74.160 -0.316 0.712
74.185 -0.250 1.101
74.210 -0.205 1.441
74.235 -0.272 1.830
74.260 -0.272 2.097
74.285 -0.294 2.461
74.310 -0.294 2.777
74.335 -0.361 3.045
74.360 -0.383 3.336
74.385 -0.383 3.579
74.410 -0.472 3.798
74.435 -0.472 3.968
74.460 -0.494 4.138
74.485 -0.516 4.235
74.510 -0.472 4.357
74.535 -0.583 4.503
74.560 -0.627 4.503
74.585 -0.627 4.527
74.610 -0.694 4.430
74.635 -0.716 4.430
74.660 -0.716 4.308
74.685 -0.738 4.187
74.710 -0.782 4.065
74.735 -0.805 3.871
74.760 -0.827 3.628
74.785 -0.849 3.433
74.810 -0.938 3.166
74.835 -0.960 2.874
74.860 -0.916 2.534
74.885 -0.960 2.243
74.910 -0.893 1.902
74.935 -0.916 1.635
74.960 -0.938 1.198
74.985 -0.938 0.906
75.010 -0.871 0.542
75.035 -0.916 0.177
75.060 -0.916 -0.187
75.085 -0.938 -0.479
75.110 -0.849 -0.770
75.135 -0.827 -1.038
75.160 -0.805 -1.281
75.185 -0.805 -1.524
75.210 -0.782 -1.767
75.235 -0.760 -1.913
75.260 -0.760 -2.131
75.285 -0.694 -2.277
75.310 -0.671 -2.326
75.335 -0.694 -2.423
75.360 -0.605 -2.423
75.385 -0.671 -2.399
75.410 -0.560 -2.399
75.435 -0.627 -2.277
75.460 -0.583 -2.180
75.485 -0.560 -2.058
75.510 -0.538 -1.888
75.535 -0.605 -1.694
75.560 -0.494 -1.475
75.585 -0.516 -1.159
75.610 -0.516 -0.941
75.635 -0.494 -0.625
75.660 -0.472 -0.284
75.685 -0.494 0.080
75.710 -0.538 0.323
75.735 -0.560 0.687
75.760 -0.560 1.003
75.785 -0.516 1.344
75.810 -0.494 1.684
75.835 -0.605 2.024
75.860 -0.560 2.413
75.885 -0.583 2.753
75.910 -0.583 2.947
75.935 -0.560 3.263
75.960 -0.605 3.482
75.985 -0.627 3.774
76.010 -0.671 3.944
76.035 -0.583 4.114
76.060 -0.605 4.211
76.085 -0.583 4.430
76.110 -0.605 4.527
76.135 -0.671 4.551
76.160 -0.671 4.527
76.185 -0.627 4.527
76.210 -0.694 4.478
76.235 -0.738 4.405
76.260 -0.694 4.235
76.285 -0.694 4.090
76.310 -0.694 3.895
76.335 -0.694 3.725
76.360 -0.716 3.458
76.385 -0.694 3.215
76.410 -0.671 2.972
76.435 -0.716 2.680
76.460 -0.671 2.316
76.485 -0.671 2.048
76.510 -0.649 1.659
76.535 -0.716 1.344
76.560 -0.671 0.930
76.585 -0.671 0.639
76.610 -0.649 0.323
76.635 -0.694 0.007
76.660 -0.605 -0.333
76.685 -0.671 -0.673
76.710 -0.649 -0.989
76.735 -0.694 -1.232
76.760 -0.605 -1.475
76.785 -0.605 -1.694
76.810 -0.583 -1.913
76.835 -0.649 -2.058
76.860 -0.627 -2.228
76.885 -0.649 -2.301
76.910 -0.605 -2.350
76.935 -0.649 -2.374
76.960 -0.605 -2.374
76.985 -0.694 -2.350
77.010 -0.671 -2.350
77.035 -0.716 -2.204
77.060 -0.671 -2.083
77.085 -0.716 -1.937
77.110 -0.671 -1.742
77.135 -0.716 -1.451
77.160 -0.738 -1.281
77.185 -0.738 -1.038
77.210 -0.738 -0.698
77.235 -0.760 -0.503
77.260 -0.716 -0.114
77.285 -0.738 0.250
77.310 -0.760 0.566
77.335 -0.782 0.906
77.360 -0.805 1.222
77.385 -0.782 1.635
77.410 -0.760 1.951
77.435 -0.827 2.340
77.460 -0.805 2.631
77.485 -0.760 2.923
77.510 -0.738 3.190
77.535 -0.782 3.433
77.560 -0.738 3.603
77.585 -0.738 3.919
77.610 -0.716 4.065
77.635 -0.738 4.211
77.660 -0.738 4.260
77.685 -0.649 4.430
77.710 -0.716 4.454
77.735 -0.649 4.503
77.760 -0.605 4.503
77.785 -0.671 4.478
77.810 -0.583 4.357
77.835 -0.583 4.284
77.860 -0.583 4.065
77.885 -0.538 3.919
77.910 -0.516 3.749
77.935 -0.538 3.555
77.960 -0.472 3.288
77.985 -0.472 3.045
78.010 -0.449 2.704
78.035 -0.427 2.461
78.060 -0.383 2.097
78.085 -0.494 1.781
78.110 -0.405 1.441
78.135 -0.427 1.076
78.160 -0.405 0.663
78.185 -0.405 0.372
78.210 -0.405 0.031
78.235 -0.427 -0.284
78.260 -0.383 -0.576
78.285 -0.449 -0.843
78.310 -0.449 -1.135
78.335 -0.449 -1.354
78.360 -0.449 -1.597
78.385 -0.472 -1.694
78.410 -0.516 -1.913
78.435 -0.538 -2.034
78.460 -0.583 -2.228
78.485 -0.627 -2.253
78.510 -0.627 -2.326
78.535 -0.649 -2.350
78.560 -0.694 -2.374
78.585 -0.782 -2.277
78.610 -0.738 -2.204
78.635 -0.827 -2.034
78.660 -0.827 -1.937
78.685 -0.849 -1.694
78.710 -0.871 -1.572
78.735 -0.938 -1.329
78.760 -0.916 -1.135
78.785 -0.938 -0.770
78.810 -0.938 -0.455
78.835 -1.049 -0.163
78.860 -1.027 0.104
78.885 -1.027 0.469
78.910 -1.027 0.785
78.935 -1.071 1.149
78.960 -1.027 1.514
78.985 -1.049 1.830
79.010 -1.027 2.145
79.035 -1.004 2.510
79.060 -0.982 2.753
79.085 -1.004 3.045
79.110 -0.916 3.336
79.135 -0.960 3.531
79.160 -0.871 3.774
79.185 -0.893 3.944
79.210 -0.782 4.090
79.235 -0.805 4.235
79.260 -0.716 4.308
79.285 -0.694 4.357
79.310 -0.671 4.357
79.335 -0.627 4.405
79.360 -0.560 4.357
79.385 -0.538 4.357
79.410 -0.449 4.211
79.435 -0.494 4.138
79.460 -0.405 3.968
79.485 -0.338 3.749
79.510 -0.272 3.531
79.535 -0.294 3.288
79.560 -0.227 2.972
79.585 -0.272 2.680
79.610 -0.205 2.486
79.635 -0.183 2.170
79.660 -0.116 1.830
79.685 -0.183 1.489
79.710 -0.139 1.173
79.735 -0.205 0.809
79.760 -0.161 0.469
79.785 -0.183 0.201
79.810 -0.183 -0.114
79.835 -0.227 -0.430
79.860 -0.183 -0.746
79.885 -0.227 -0.989
79.910 -0.272 -1.256
79.935 -0.338 -1.451
79.960 -0.338 -1.645
79.985 -0.361 -1.791
80.010 -0.383 -1.937
80.035 -0.449 -2.034
80.060 -0.538 -2.204
80.085 -0.583 -2.204
80.110 -0.627 -2.253
80.135 -0.716 -2.204
80.160 -0.716 -2.180
80.185 -0.827 -2.010
80.210 -0.916 -1.985
80.235 -0.982 -1.840
80.260 -1.027 -1.670
80.285 -1.049 -1.475
80.310 -1.093 -1.354
80.335 -1.160 -0.989
80.360 -1.138 -0.770
80.385 -1.160 -0.527
80.410 -1.182 -0.212
80.435 -1.249 0.104
80.460 -1.226 0.469
80.485 -1.293 0.712
80.510 -1.249 1.028
80.535 -1.249 1.368
80.560 -1.293 1.708
80.585 -1.249 2.000
80.610 -1.271 2.291
80.635 -1.182 2.680
80.660 -1.138 2.923
80.685 -1.138 3.117
80.710 -1.071 3.361
80.735 -1.049 3.603
80.760 -0.982 3.822
80.785 -0.960 3.968
80.810 -0.893 4.065
80.835 -0.827 4.187
80.860 -0.694 4.235
80.885 -0.716 4.235
80.910 -0.649 4.260
80.935 -0.583 4.308
80.960 -0.494 4.187
80.985 -0.405 4.090
81.010 -0.316 3.992
81.035 -0.294 3.846
81.060 -0.205 3.676
81.085 -0.205 3.482
81.110 -0.116 3.239
81.135 -0.050 3.020
81.160 -0.072 2.753
81.185 -0.005 2.437
81.210 -0.005 2.170
81.235 0.017 1.854
81.260 0.039 1.562
81.285 -0.005 1.198
81.310 0.083 0.906
81.335 0.083 0.566
81.360 0.083 0.323
81.385 0.017 0.007
81.410 -0.050 -0.284
81.435 -0.050 -0.527
81.460 -0.050 -0.819
81.485 -0.094 -1.062
81.510 -0.205 -1.378
81.535 -0.227 -1.499
81.560 -0.272 -1.645
81.585 -0.338 -1.815
81.610 -0.427 -1.961
81.635 -0.538 -2.058
81.660 -0.560 -2.058
81.685 -0.649 -2.058
81.710 -0.716 -2.058
81.735 -0.805 -2.058
81.760 -0.916 -1.961
81.785 -0.982 -1.864
81.810 -0.982 -1.718
81.835 -1.160 -1.548
81.860 -1.204 -1.402
81.885 -1.249 -1.208
81.910 -1.315 -1.013
81.935 -1.360 -0.746
81.960 -1.404 -0.479
81.985 -1.426 -0.236
82.010 -1.426 0.056
82.035 -1.471 0.372
82.060 -1.493 0.615
82.085 -1.537 0.955
82.110 -1.515 1.295
82.135 -1.537 1.611
82.160 -1.448 1.878
82.185 -1.404 2.097
82.210 -1.382 2.461
82.235 -1.360 2.729
82.260 -1.315 3.020
82.285 -1.315 3.142
82.310 -1.182 3.336
82.335 -1.093 3.555
82.360 -1.027 3.701
82.385 -0.960 3.822
82.410 -0.916 3.919
82.435 -0.805 4.065
82.460 -0.716 4.114
82.485 -0.627 4.138
82.510 -0.494 4.090
82.535 -0.449 4.041
82.560 -0.338 3.919
82.585 -0.272 3.822
82.610 -0.183 3.749
82.635 -0.116 3.579
82.660 0.017 3.433
82.685 0.061 3.215
82.710 0.083 2.947
82.735 0.172 2.704
82.760 0.172 2.486
82.785 0.239 2.170
82.810 0.261 1.951
82.835 0.350 1.659
82.860 0.350 1.319
82.885 0.328 1.028
82.910 0.283 0.663
82.935 0.283 0.469
82.960 0.217 0.153
82.985 0.217 -0.114
83.010 0.150 -0.382
83.035 0.128 -0.600
83.060 0.061 -0.843
83.085 -0.005 -1.062
83.110 -0.072 -1.281
83.135 -0.161 -1.402
83.160 -0.205 -1.548
83.185 -0.338 -1.694
83.210 -0.405 -1.767
83.235 -0.516 -1.767
83.260 -0.583 -1.864
83.285 -0.671 -1.864
83.310 -0.827 -1.888
83.335 -0.938 -1.840
83.360 -1.049 -1.694
83.385 -1.093 -1.621
83.410 -1.138 -1.499
83.435 -1.249 -1.329
83.460 -1.315 -1.111
83.485 -1.382 -0.941
83.510 -1.471 -0.746
83.535 -1.493 -0.430
83.560 -1.604 -0.212
83.585 -1.648 0.056
83.610 -1.604 0.299
83.635 -1.670 0.566
83.660 -1.693 0.882
83.685 -1.693 1.149
83.710 -1.648 1.489
83.735 -1.670 1.708
83.760 -1.648 2.000
83.785 -1.604 2.316
83.810 -1.559 2.486
83.835 -1.515 2.729
83.860 -1.448 2.923
83.885 -1.315 3.190
83.910 -1.271 3.336
83.935 -1.160 3.433
83.960 -1.049 3.579
83.985 -0.938 3.701
84.010 -0.827 3.774
84.035 -0.782 3.798
84.060 -0.627 3.871
84.085 -0.538 3.846
84.110 -0.472 3.822
84.135 -0.272 3.774
84.160 -0.227 3.676
84.185 -0.094 3.506
84.210 -0.050 3.433
84.235 -0.005 3.239
84.260 0.150 3.069
84.285 0.217 2.899
84.310 0.328 2.704
84.335 0.394 2.389
84.360 0.394 2.194
84.385 0.416 1.902
84.410 0.527 1.659
84.435 0.572 1.416
84.460 0.505 1.125
84.485 0.527 0.833
84.510 0.483 0.615
84.535 0.527 0.347
84.560 0.416 0.056
84.585 0.416 -0.163
84.610 0.305 -0.382
84.635 0.217 -0.625
84.660 0.150 -0.819
84.685 0.106 -0.941
84.710 -0.050 -1.159
84.735 -0.161 -1.281
84.760 -0.272 -1.378
84.785 -0.361 -1.499
84.810 -0.472 -1.524
84.835 -0.583 -1.621
84.860 -0.738 -1.597
84.885 -0.871 -1.572
84.910 -1.004 -1.597
84.935 -1.115 -1.548
84.960 -1.182 -1.427
84.985 -1.271 -1.281
85.010 -1.426 -1.135
85.035 -1.471 -1.013
85.060 -1.537 -0.770
85.085 -1.648 -0.576
85.110 -1.715 -0.406
85.135 -1.781 -0.236
85.160 -1.781 0.080
85.185 -1.781 0.274
85.210 -1.892 0.590
85.235 -1.937 0.785
85.260 -1.915 1.052
85.285 -1.870 1.319
85.310 -1.892 1.587
85.335 -1.781 1.830
85.360 -1.759 2.097
85.385 -1.693 2.340
85.410 -1.670 2.559
85.435 -1.604 2.753
85.460 -1.471 2.899
85.485 -1.426 2.996
85.510 -1.315 3.215
85.535 -1.160 3.312
85.560 -1.071 3.433
85.585 -0.938 3.506
85.610 -0.827 3.603
85.635 -0.649 3.628
85.660 -0.560 3.579
85.685 -0.427 3.555
85.710 -0.250 3.531
85.735 -0.116 3.458
85.760 -0.050 3.385
85.785 0.083 3.239
85.810 0.150 3.093
85.835 0.283 2.947
85.860 0.394 2.753
85.885 0.483 2.583
85.910 0.550 2.364
85.935 0.638 2.121
85.960 0.638 1.902
85.985 0.683 1.659
86.010 0.727 1.489
86.035 0.683 1.198
86.060 0.594 0.955
86.085 0.616 0.687
86.110 0.594 0.517
86.135 0.572 0.250
86.160 0.527 0.007
86.185 0.416 -0.260
86.210 0.350 -0.333
86.235 0.283 -0.576
86.260 0.239 -0.746
86.285 0.106 -0.941
86.310 -0.050 -0.989
86.335 -0.116 -1.135
86.360 -0.272 -1.159
86.385 -0.383 -1.281
86.410 -0.516 -1.281
86.435 -0.649 -1.305
86.460 -0.827 -1.329
86.485 -1.004 -1.305
86.510 -1.138 -1.281
86.535 -1.271 -1.184
86.560 -1.404 -1.062
86.585 -1.493 -0.965
86.610 -1.670 -0.868
86.635 -1.737 -0.673
86.660 -1.759 -0.455
86.685 -1.848 -0.309
86.710 -1.959 -0.066
86.735 -2.003 0.153
86.760 -1.981 0.372
86.785 -2.048 0.493
86.810 -2.092 0.809
86.835 -2.070 0.979
86.860 -2.048 1.246
86.885 -2.048 1.465
86.910 -1.959 1.635
86.935 -1.892 1.878
86.960 -1.870 2.097
86.985 -1.826 2.243
87.010 -1.737 2.486
87.035 -1.582 2.583
87.060 -1.515 2.802
87.085 -1.404 2.874
87.110 -1.249 3.069
87.135 -1.115 3.117
87.160 -0.982 3.166
87.185 -0.849 3.239
87.210 -0.671 3.312
87.235 -0.516 3.288
87.260 -0.427 3.336
87.285 -0.272 3.288
87.310 -0.161 3.190
87.335 0.017 3.142
87.360 0.128 3.020
87.385 0.239 2.874
87.410 0.350 2.753
87.435 0.461 2.559
87.460 0.594 2.461
87.485 0.661 2.267
87.510 0.705 2.097
87.535 0.794 1.878
87.560 0.772 1.757
87.585 0.838 1.489
87.610 0.816 1.246
87.635 0.838 1.003
87.660 0.860 0.858
87.685 0.838 0.639
87.710 0.772 0.469
87.735 0.683 0.226
87.760 0.550 0.080
87.785 0.572 -0.187
87.810 0.416 -0.333
87.835 0.350 -0.455
87.860 0.194 -0.576
87.885 0.106 -0.698
87.910 -0.072 -0.770
87.935 -0.227 -0.843
87.960 -0.383 -0.892
87.985 -0.538 -1.038
88.010 -0.760 -0.965
88.035 -0.827 -0.965
88.060 -0.982 -0.941
88.085 -1.115 -0.916
88.110 -1.337 -0.892
88.135 -1.404 -0.795
88.160 -1.537 -0.698
88.185 -1.626 -0.600
88.210 -1.804 -0.503
88.235 -1.892 -0.357
88.260 -1.981 -0.163
88.285 -2.026 0.031
88.310 -2.092 0.201
88.335 -2.159 0.347
88.360 -2.225 0.566
88.385 -2.181 0.712
88.410 -2.225 0.930
88.435 -2.225 1.125
88.460 -2.159 1.392
88.485 -2.092 1.514
88.510 -2.092 1.708
88.535 -1.959 1.854
88.560 -1.848 2.048
88.585 -1.826 2.194
88.610 -1.693 2.340
88.635 -1.582 2.461
88.660 -1.493 2.534
88.685 -1.360 2.631
88.710 -1.204 2.802
88.735 -1.071 2.826
88.760 -0.893 2.874
88.785 -0.716 2.923
88.810 -0.516 2.972
88.835 -0.383 2.947
88.860 -0.294 2.972
88.885 -0.094 2.923
88.910 0.061 2.850
88.935 0.194 2.729
88.960 0.261 2.607
88.985 0.461 2.510
89.010 0.616 2.413
89.035 0.705 2.267
89.060 0.794 2.097
89.085 0.883 1.975
89.110 0.927 1.830
89.135 0.971 1.659
89.160 0.949 1.514
89.185 0.994 1.271
89.210 0.971 1.125
89.235 0.994 0.955
89.260 0.905 0.785
89.285 0.905 0.590
89.310 0.838 0.469
89.335 0.816 0.250
89.360 0.638 0.080
89.385 0.550 -0.041
89.410 0.439 -0.114
89.435 0.283 -0.260
89.460 0.172 -0.333
89.485 0.039 -0.430
89.510 -0.161 -0.503
89.535 -0.294 -0.576
89.560 -0.494 -0.600
89.585 -0.649 -0.625
89.610 -0.849 -0.625
89.635 -0.938 -0.625
89.660 -1.115 -0.625
89.685 -1.226 -0.552
89.710 -1.404 -0.479
89.735 -1.582 -0.406
89.760 -1.737 -0.406
89.785 -1.826 -0.309
89.810 -1.981 -0.212
89.835 -2.070 -0.066
89.860 -2.159 0.104
89.885 -2.181 0.177
89.910 -2.292 0.372
89.935 -2.292 0.542
89.960 -2.336 0.736
89.985 -2.314 0.882
90.010 -2.314 1.003
90.035 -2.292 1.149
90.060 -2.270 1.368
90.085 -2.181 1.489
90.110 -2.114 1.635
90.135 -2.048 1.732
90.160 -1.937 1.927
90.185 -1.826 2.024
90.210 -1.670 2.218
90.235 -1.493 2.267
90.260 -1.382 2.413
90.285 -1.226 2.437
90.310 -1.071 2.534
90.335 -0.982 2.559
90.360 -0.760 2.583
90.385 -0.560 2.583
90.410 -0.383 2.631
90.435 -0.227 2.534
90.460 -0.072 2.534
90.485 0.039 2.534
90.510 0.239 2.510
90.535 0.416 2.364
90.560 0.527 2.267
90.585 0.683 2.145
90.610 0.794 2.170
90.635 0.838 2.000
90.660 0.971 1.902
90.685 0.971 1.781
90.710 1.082 1.659
90.735 1.171 1.465
90.760 1.105 1.368
90.785 1.105 1.198
90.810 1.105 1.076
90.835 1.082 0.906
90.860 1.038 0.809
90.885 0.927 0.615
90.910 0.816 0.469
90.935 0.705 0.396
90.960 0.638 0.299
90.985 0.527 0.129
91.010 0.350 0.031
91.035 0.194 -0.066
91.060 0.061 -0.139
91.085 -0.050 -0.139
91.110 -0.227 -0.187
91.135 -0.405 -0.236
91.160 -0.583 -0.236
91.185 -0.805 -0.236
91.210 -0.960 -0.236
91.235 -1.115 -0.236
91.260 -1.293 -0.260
91.285 -1.426 -0.187
91.310 -1.604 -0.212
91.335 -1.737 -0.114
91.360 -1.848 0.007
91.385 -2.026 0.007
91.410 -2.159 0.201
91.435 -2.270 0.226
91.460 -2.314 0.323
91.485 -2.292 0.493
91.510 -2.403 0.590
91.535 -2.403 0.712
91.560 -2.447 0.809
91.585 -2.403 0.955
91.610 -2.381 1.076
91.635 -2.381 1.198
91.660 -2.292 1.271
91.685 -2.225 1.416
91.710 -2.181 1.514
91.735 -2.026 1.635
91.760 -1.892 1.732
91.785 -1.759 1.878
91.810 -1.626 1.878
91.835 -1.448 1.927
91.860 -1.360 1.975
91.885 -1.182 2.024
91.910 -1.027 2.097
91.935 -0.827 2.170
91.960 -0.694 2.194
91.985 -0.449 2.194
92.010 -0.294 2.218
92.035 -0.094 2.170
92.060 0.083 2.121
92.085 0.283 2.121
92.110 0.439 2.048
92.135 0.550 2.024
92.160 0.772 1.975
92.185 0.860 1.878
92.210 0.860 1.781
92.235 0.994 1.757
92.260 1.127 1.635
92.285 1.105 1.562
92.310 1.193 1.392
92.335 1.216 1.295
92.360 1.238 1.246
92.385 1.149 1.149
92.410 1.149 1.003
92.435 1.105 0.955
92.460 1.016 0.858
92.485 0.905 0.736
92.510 0.838 0.639
92.535 0.705 0.542
92.560 0.638 0.445
92.585 0.483 0.372
92.610 0.328 0.347
92.635 0.150 0.250
92.660 0.017 0.226
92.685 -0.205 0.226
92.710 -0.361 0.177
92.735 -0.516 0.153
92.760 -0.760 0.104
92.785 -0.960 0.104
92.810 -1.093 0.080
92.835 -1.315 0.104
92.860 -1.448 0.129
92.885 -1.648 0.177
92.910 -1.759 0.177
92.935 -1.937 0.226
92.960 -2.026 0.372
92.985 -2.181 0.372
93.010 -2.248 0.469
93.035 -2.381 0.542
93.060 -2.381 0.590
93.085 -2.470 0.639
93.110 -2.492 0.712
93.135 -2.492 0.833
93.160 -2.470 0.930
93.185 -2.447 1.003
93.210 -2.514 1.052
93.235 -2.381 1.173
93.260 -2.270 1.246
93.285 -2.270 1.271
93.310 -2.137 1.319
93.335 -2.003 1.416
93.360 -1.848 1.538
93.385 -1.737 1.587
93.410 -1.537 1.635
93.435 -1.404 1.659
93.460 -1.226 1.708
93.485 -1.049 1.805
93.510 -0.849 1.732
93.535 -0.694 1.757
93.560 -0.494 1.732
93.585 -0.272 1.805
93.610 -0.139 1.781
93.635 0.083 1.757
93.660 0.239 1.684
93.685 0.416 1.781
93.710 0.550 1.732
93.735 0.705 1.659
93.760 0.772 1.611
93.785 0.860 1.587
93.810 1.038 1.489
93.835 1.060 1.514
93.860 1.149 1.465
93.885 1.193 1.416
93.910 1.193 1.368
93.935 1.171 1.295
93.960 1.238 1.222
93.985 1.238 1.149
94.010 1.127 1.052
94.035 1.082 1.028
94.060 1.060 0.979
94.085 0.949 0.930
94.110 0.772 0.858
94.135 0.638 0.809
94.160 0.505 0.736
94.185 0.328 0.687
94.210 0.217 0.687
94.235 0.017 0.639
94.260 -0.161 0.590
94.285 -0.405 0.615
94.310 -0.516 0.542
94.335 -0.716 0.566
94.360 -0.893 0.517
94.385 -1.093 0.517
94.410 -1.315 0.566
94.435 -1.448 0.542
94.460 -1.604 0.493
94.485 -1.804 0.517
94.510 -1.870 0.517
94.535 -2.070 0.566
94.560 -2.159 0.542
94.585 -2.248 0.639
94.610 -2.381 0.663
94.635 -2.447 0.687
94.660 -2.425 0.712
94.685 -2.536 0.785
94.710 -2.514 0.785
94.735 -2.581 0.882
94.760 -2.514 0.906
94.785 -2.514 0.930
94.810 -2.447 0.955
94.835 -2.314 1.052
94.860 -2.225 1.052
94.885 -2.114 1.173
94.910 -1.981 1.149
94.935 -1.915 1.198
94.960 -1.737 1.222
94.985 -1.604 1.198
95.010 -1.404 1.222
95.035 -1.271 1.295
95.060 -1.049 1.392
95.085 -0.893 1.392
95.110 -0.716 1.319
95.135 -0.538 1.392
95.160 -0.316 1.416
95.185 -0.183 1.416
95.210 0.017 1.368
95.235 0.172 1.368
95.260 0.394 1.392
95.285 0.572 1.392
95.310 0.705 1.416
95.335 0.794 1.368
95.360 0.905 1.392
95.385 1.038 1.368
95.410 1.127 1.319
95.435 1.149 1.392
95.460 1.260 1.295
95.485 1.260 1.344
95.510 1.282 1.295
95.535 1.216 1.271
95.560 1.260 1.198
95.585 1.216 1.222
95.610 1.149 1.125
95.635 1.016 1.173
95.660 0.949 1.149
95.685 0.816 1.101
95.710 0.661 1.101
95.735 0.483 1.101
95.760 0.372 1.028
95.785 0.261 1.003
95.810 0.106 0.979
95.835 -0.139 0.930
95.860 -0.316 0.930
95.885 -0.472 0.955
95.910 -0.671 0.930
95.935 -0.916 0.930
95.960 -1.093 0.906
95.985 -1.249 0.955
96.010 -1.404 0.906
96.035 -1.648 0.882
96.060 -1.804 0.858
96.085 -1.937 0.858
96.110 -2.026 0.882
96.135 -2.181 0.833
96.160 -2.225 0.858
96.185 -2.314 0.882
96.210 -2.425 0.858
96.235 -2.470 0.906
96.260 -2.514 0.882
96.285 -2.558 0.930
96.310 -2.514 0.858
96.335 -2.470 0.882
96.360 -2.403 0.930
96.385 -2.425 0.882
96.410 -2.292 0.882
96.435 -2.292 0.906
96.460 -2.137 0.955
96.485 -2.070 0.906
96.510 -1.937 0.833
96.535 -1.804 0.906
96.560 -1.604 0.955
96.585 -1.493 0.930
96.610 -1.315 0.930
96.635 -1.138 0.979
96.660 -0.938 1.003
96.685 -0.738 1.003
96.710 -0.516 0.979
96.735 -0.338 1.028
96.760 -0.161 0.979
96.785 0.017 1.052
96.810 0.150 1.003
96.835 0.305 1.052
96.860 0.527 1.076
96.885 0.661 1.076
96.910 0.860 1.052
96.935 0.883 1.125
96.960 1.038 1.149
96.985 1.082 1.149
97.010 1.193 1.149
97.035 1.171 1.149
97.060 1.216 1.198
97.085 1.260 1.295
97.110 1.327 1.271
97.135 1.193 1.368
97.160 1.216 1.344
97.185 1.060 1.368
97.210 1.038 1.295
97.235 0.927 1.295
97.260 0.816 1.319
97.285 0.705 1.344
97.310 0.572 1.295
97.335 0.328 1.368
97.360 0.261 1.344
97.385 0.061 1.344
97.410 -0.050 1.319
97.435 -0.250 1.368
97.460 -0.516 1.295
97.485 -0.649 1.344
97.510 -0.849 1.271
97.535 -0.982 1.246
97.560 -1.182 1.198
97.585 -1.382 1.222
97.610 -1.582 1.246
97.635 -1.759 1.222
97.660 -1.848 1.198
97.685 -1.981 1.125
97.710 -2.159 1.076
97.735 -2.248 1.101
97.760 -2.314 1.076
97.785 -2.403 1.028
97.810 -2.447 0.955
97.835 -2.470 0.882
97.860 -2.514 0.882
97.885 -2.558 0.882
97.910 -2.470 0.785
97.935 -2.492 0.785
97.960 -2.403 0.712
97.985 -2.425 0.687
98.010 -2.292 0.615
98.035 -2.181 0.663
98.060 -2.003 0.639
98.085 -1.981 0.566
98.110 -1.781 0.566
98.135 -1.648 0.566
98.160 -1.493 0.542
98.185 -1.337 0.566
98.210 -1.138 0.590
98.235 -0.982 0.590
98.260 -0.738 0.639
98.285 -0.583 0.639
98.310 -0.361 0.615
98.335 -0.250 0.639
98.360 -0.005 0.639
98.385 0.083 0.687
98.410 0.261 0.760
98.435 0.461 0.809
98.460 0.594 0.809
98.485 0.727 0.882
98.510 0.883 0.858
98.535 0.927 0.930
98.560 1.038 1.003
98.585 1.127 1.052
98.610 1.193 1.125
98.635 1.216 1.198
98.660 1.238 1.246
98.685 1.216 1.271
98.710 1.216 1.295
98.735 1.127 1.392
98.760 1.127 1.465
98.785 1.038 1.465
98.810 0.949 1.465
98.835 0.772 1.514
98.860 0.683 1.587
98.885 0.505 1.659
98.910 0.372 1.635
98.935 0.261 1.684
98.960 0.083 1.732
98.985 -0.050 1.757
99.010 -0.272 1.684
99.035 -0.427 1.708
99.060 -0.605 1.732
99.085 -0.782 1.708
99.110 -0.982 1.659
99.135 -1.160 1.684
99.160 -1.271 1.587
99.185 -1.493 1.538
99.210 -1.626 1.489
99.235 -1.870 1.416
99.260 -1.981 1.368
99.285 -2.070 1.344
99.310 -2.114 1.295
99.335 -2.292 1.198
99.360 -2.314 1.198
99.385 -2.425 1.101
99.410 -2.425 1.003
99.435 -2.514 0.882
99.460 -2.514 0.833
99.485 -2.447 0.760
99.510 -2.425 0.687
99.535 -2.425 0.639
99.560 -2.292 0.590
99.585 -2.225 0.590
99.610 -2.137 0.493
99.635 -2.048 0.420
99.660 -1.915 0.372
99.685 -1.826 0.372
99.710 -1.648 0.299
99.735 -1.426 0.274
99.760 -1.315 0.250
99.785 -1.182 0.226
99.810 -0.938 0.201
99.835 -0.805 0.226
99.860 -0.605 0.177
99.885 -0.494 0.226
99.910 -0.294 0.299
99.935 -0.072 0.323
99.960 0.083 0.372
99.985 0.239 0.396
100.010 0.372 0.517
100.035 0.505 0.590
100.060 0.661 0.590
100.085 0.794 0.663
100.110 0.883 0.809
100.135 0.971 0.930
100.160 1.060 0.906
100.185 1.060 1.003
100.210 1.105 1.076
100.235 1.127 1.198
100.260 1.216 1.271
100.285 1.149 1.392
100.310 1.082 1.441
100.335 1.060 1.538
100.360 0.994 1.562
100.385 0.927 1.708
100.410 0.816 1.805
100.435 0.705 1.902
100.460 0.550 1.951
100.485 0.394 1.951
100.510 0.239 1.902
100.535 0.106 2.000
100.560 -0.072 2.048
100.585 -0.227 2.073
100.610 -0.405 2.097
100.635 -0.605 2.048
100.660 -0.782 2.000
100.685 -0.938 2.073
100.710 -1.093 2.000
100.735 -1.293 1.951
100.760 -1.471 1.902
100.785 -1.559 1.830
100.810 -1.715 1.757
100.835 -1.892 1.684
100.860 -1.937 1.659
100.885 -2.092 1.514
100.910 -2.159 1.392
100.935 -2.203 1.271
100.960 -2.270 1.198
100.985 -2.314 1.101
101.010 -2.359 1.003
101.035 -2.381 0.858
101.060 -2.381 0.760
101.085 -2.336 0.663
101.110 -2.336 0.566
101.135 -2.270 0.469
101.160 -2.203 0.372
101.185 -2.159 0.226
101.210 -2.048 0.226
101.235 -1.892 0.153
101.260 -1.715 0.056
101.285 -1.648 -0.017
101.310 -1.471 0.031
101.335 -1.337 -0.066
101.360 -1.160 -0.163
101.385 -1.004 -0.139
101.410 -0.827 -0.139
101.435 -0.671 -0.090
101.460 -0.472 -0.163
101.485 -0.294 -0.041
101.510 -0.139 -0.041
101.535 -0.005 0.056
101.560 0.172 0.104
101.585 0.350 0.177
101.610 0.394 0.250
101.635 0.572 0.347
101.660 0.705 0.469
101.685 0.794 0.542
101.710 0.905 0.639
101.735 0.927 0.785
101.760 1.016 0.833
101.785 1.082 0.979
101.810 1.082 1.101
101.835 1.060 1.271
101.860 1.038 1.416
101.885 1.038 1.562
101.910 0.949 1.659
101.935 0.883 1.732
101.960 0.838 1.878
101.985 0.749 1.951
102.010 0.661 2.097
102.035 0.550 2.170
102.060 0.461 2.218
102.085 0.305 2.243
102.110 0.083 2.364
102.135 -0.072 2.389
102.160 -0.205 2.437
102.185 -0.361 2.389
102.210 -0.538 2.364
102.235 -0.694 2.364
102.260 -0.871 2.291
102.285 -1.049 2.316
102.310 -1.249 2.291
102.335 -1.404 2.218
102.360 -1.515 2.097
102.385 -1.693 2.097
102.410 -1.804 1.951
102.435 -1.892 1.854
102.460 -1.959 1.732
102.485 -2.003 1.684
102.510 -2.159 1.489
102.535 -2.225 1.368
102.560 -2.270 1.198
102.585 -2.292 1.028
102.610 -2.292 0.955
102.635 -2.270 0.785
102.660 -2.292 0.566
102.685 -2.225 0.517
102.710 -2.181 0.347
102.735 -2.070 0.250
102.760 -2.070 0.104
102.785 -1.981 -0.066
102.810 -1.892 -0.139
102.835 -1.715 -0.163
102.860 -1.626 -0.212
102.885 -1.448 -0.333
102.910 -1.315 -0.382
102.935 -1.115 -0.382
102.960 -0.982 -0.357
102.985 -0.827 -0.455
103.010 -0.694 -0.455
103.035 -0.538 -0.406
103.060 -0.427 -0.357
103.085 -0.205 -0.382
103.110 -0.050 -0.284
103.135 0.083 -0.212
103.160 0.194 -0.090
103.185 0.372 -0.017
103.210 0.483 0.080
103.235 0.638 0.250
103.260 0.683 0.372
103.285 0.772 0.469
103.310 0.749 0.639
103.335 0.838 0.736
103.360 0.905 0.906
103.385 0.927 1.052
103.410 0.927 1.173
103.435 1.016 1.392
103.460 0.971 1.562
103.485 0.949 1.732
103.510 0.883 1.854
103.535 0.838 2.024
103.560 0.638 2.121
103.585 0.594 2.194
103.610 0.439 2.364
103.635 0.394 2.437
103.660 0.172 2.461
103.685 0.083 2.607
103.710 -0.072 2.656
103.735 -0.227 2.631
103.760 -0.405 2.680
103.785 -0.538 2.729
103.810 -0.738 2.704
103.835 -0.849 2.656
103.860 -0.960 2.656
103.885 -1.138 2.583
103.910 -1.293 2.583
103.935 -1.493 2.437
103.960 -1.582 2.316
103.985 -1.670 2.218
104.010 -1.781 2.073
104.035 -1.870 1.975
104.060 -1.959 1.805
104.085 -1.981 1.659
104.110 -2.048 1.514
104.135 -2.048 1.319
104.160 -2.114 1.149
104.185 -2.159 0.955
104.210 -2.137 0.833
104.235 -2.159 0.663
104.260 -2.114 0.445
104.285 -1.981 0.274
104.310 -2.003 0.153
104.335 -1.870 0.007
104.360 -1.804 -0.139
104.385 -1.737 -0.357
104.410 -1.670 -0.382
104.435 -1.471 -0.455
104.460 -1.448 -0.552
104.485 -1.315 -0.649
104.510 -1.093 -0.673
104.535 -0.960 -0.722
104.560 -0.849 -0.722
104.585 -0.760 -0.770
104.610 -0.605 -0.770
104.635 -0.405 -0.746
104.660 -0.294 -0.649
104.685 -0.139 -0.576
104.710 -0.028 -0.552
104.735 0.128 -0.406
104.760 0.172 -0.284
104.785 0.328 -0.163
104.810 0.394 0.007
104.835 0.572 0.153
104.860 0.572 0.250
104.885 0.705 0.445
104.910 0.749 0.663
104.935 0.794 0.858
104.960 0.727 1.028
104.985 0.794 1.222
105.010 0.772 1.368
105.035 0.772 1.562
105.060 0.749 1.732
105.085 0.705 1.854
105.110 0.616 2.048
105.135 0.572 2.243
105.160 0.483 2.364
105.185 0.416 2.534
105.210 0.283 2.631
105.235 0.128 2.753
105.260 -0.005 2.850
105.285 -0.094 2.874
105.310 -0.294 2.899
105.335 -0.361 2.947
105.360 -0.472 3.020
105.385 -0.671 2.996
105.410 -0.805 2.972
105.435 -0.960 2.923
105.460 -1.071 2.923
105.485 -1.204 2.826
105.510 -1.337 2.729
105.535 -1.404 2.583
105.560 -1.559 2.534
105.585 -1.670 2.316
105.610 -1.715 2.218
105.635 -1.737 2.024
105.660 -1.848 1.854
105.685 -1.915 1.635
105.710 -1.915 1.489
105.735 -2.003 1.246
105.760 -2.003 1.052
105.785 -2.048 0.833
105.810 -2.048 0.639
105.835 -2.003 0.445
105.860 -1.959 0.250
105.885 -1.870 0.104
105.910 -1.848 -0.066
105.935 -1.781 -0.284
105.960 -1.670 -0.406
105.985 -1.537 -0.527
