4.2 - Schwebung bei $29.2cm$
0.025 -1.759 4.260
0.050 -1.959 4.260
0.075 -1.937 4.527
0.100 -1.781 4.746
0.125 -1.715 4.964
0.150 -1.582 5.110
0.175 -1.426 5.280
0.200 -1.271 5.402
0.225 -1.093 5.499
0.250 -0.960 5.475
0.275 -0.805 5.450
0.300 -0.627 5.377
0.325 -0.494 5.280
0.350 -0.316 5.183
0.375 -0.161 4.989
0.400 -0.005 4.770
0.425 0.128 4.527
0.450 0.261 4.260
0.475 0.394 3.992
0.500 0.527 3.676
0.525 0.616 3.312
0.550 0.705 2.947
0.575 0.772 2.583
0.600 0.883 2.218
0.625 0.905 1.805
0.650 0.949 1.416
0.675 0.883 1.028
0.700 0.927 0.615
0.725 0.794 0.274
0.750 0.749 -0.066
0.775 0.616 -0.406
0.800 0.572 -0.698
0.825 0.483 -0.965
0.850 0.372 -1.256
0.875 0.239 -1.524
0.900 0.017 -1.718
0.925 -0.139 -1.840
0.950 -0.361 -1.961
0.975 -0.538 -2.083
1.000 -0.627 -2.131
1.025 -0.871 -2.131
1.050 -1.004 -2.131
1.075 -1.271 -2.010
1.100 -1.471 -1.961
1.125 -1.693 -1.815
1.150 -1.781 -1.694
1.175 -2.026 -1.475
1.200 -2.159 -1.281
1.225 -2.336 -0.965
1.250 -2.447 -0.746
1.275 -2.603 -0.430
1.300 -2.669 -0.163
1.325 -2.780 0.177
1.350 -2.869 0.517
1.375 -2.958 0.906
1.400 -2.891 1.246
1.425 -2.980 1.562
1.450 -2.914 1.878
1.475 -2.980 2.170
1.500 -2.891 2.534
1.525 -2.869 2.874
1.550 -2.714 3.093
1.575 -2.536 3.409
1.600 -2.359 3.701
1.625 -2.314 3.895
1.650 -2.137 4.041
1.675 -1.981 4.235
1.700 -1.715 4.357
1.725 -1.559 4.430
1.750 -1.337 4.478
1.775 -1.160 4.527
1.800 -0.849 4.551
1.825 -0.671 4.527
1.850 -0.449 4.405
1.875 -0.205 4.381
1.900 0.017 4.235
1.925 0.150 4.065
1.950 0.416 3.919
1.975 0.550 3.725
2.000 0.794 3.433
2.025 0.927 3.263
2.050 1.082 2.996
2.075 1.193 2.753
2.100 1.282 2.510
2.125 1.371 2.218
2.150 1.438 1.927
2.175 1.438 1.708
2.200 1.438 1.271
2.225 1.438 1.028
2.250 1.438 0.785
2.275 1.304 0.493
2.300 1.193 0.201
2.325 1.060 -0.017
2.350 0.949 -0.236
2.375 0.816 -0.382
2.400 0.616 -0.576
2.425 0.394 -0.698
2.450 0.194 -0.868
2.475 -0.028 -0.916
2.500 -0.205 -1.013
2.525 -0.449 -1.062
2.550 -0.694 -1.086
2.575 -1.027 -1.086
2.600 -1.226 -1.038
2.625 -1.493 -0.965
2.650 -1.670 -0.892
2.675 -1.937 -0.770
2.700 -2.159 -0.649
2.725 -2.403 -0.527
2.750 -2.581 -0.406
2.775 -2.758 -0.187
2.800 -2.914 0.007
2.825 -3.091 0.250
2.850 -3.180 0.420
2.875 -3.291 0.687
2.900 -3.313 0.882
2.925 -3.335 1.101
2.950 -3.402 1.319
2.975 -3.380 1.611
3.000 -3.335 1.830
3.025 -3.313 2.048
3.050 -3.202 2.194
3.075 -3.113 2.413
3.100 -3.025 2.607
3.125 -2.869 2.802
3.150 -2.714 2.923
3.175 -2.514 3.020
3.200 -2.270 3.142
3.225 -2.048 3.263
3.250 -1.759 3.288
3.275 -1.537 3.361
3.300 -1.271 3.336
3.325 -1.071 3.409
3.350 -0.782 3.385
3.375 -0.494 3.336
3.400 -0.250 3.263
3.425 0.039 3.215
3.450 0.328 3.166
3.475 0.527 3.045
3.500 0.794 2.923
3.525 1.016 2.777
3.550 1.171 2.656
3.575 1.282 2.510
3.600 1.549 2.316
3.625 1.593 2.218
3.650 1.771 2.024
3.675 1.793 1.878
3.700 1.859 1.684
3.725 1.793 1.538
3.750 1.815 1.368
3.775 1.793 1.246
3.800 1.704 1.003
3.825 1.615 0.930
3.850 1.526 0.785
3.875 1.371 0.687
3.900 1.216 0.566
3.925 0.994 0.445
3.950 0.772 0.372
3.975 0.527 0.323
4.000 0.283 0.274
4.025 -0.028 0.250
4.050 -0.272 0.201
4.075 -0.516 0.201
4.100 -0.805 0.153
4.125 -1.115 0.153
4.150 -1.404 0.177
4.175 -1.693 0.226
4.200 -1.959 0.299
4.225 -2.159 0.347
4.250 -2.381 0.396
4.275 -2.669 0.542
4.300 -2.869 0.615
4.325 -3.025 0.687
4.350 -3.158 0.809
4.375 -3.380 0.930
4.400 -3.446 1.076
4.425 -3.557 1.125
4.450 -3.602 1.198
4.475 -3.646 1.295
4.500 -3.624 1.392
4.525 -3.624 1.538
4.550 -3.580 1.562
4.575 -3.535 1.635
4.600 -3.402 1.708
4.625 -3.269 1.830
4.650 -3.136 1.854
4.675 -2.980 1.951
4.700 -2.758 2.024
4.725 -2.558 2.024
4.750 -2.292 2.048
4.775 -2.048 2.073
4.800 -1.804 2.000
4.825 -1.426 2.073
4.850 -1.160 2.048
4.875 -0.871 2.048
4.900 -0.538 2.024
4.925 -0.316 2.000
4.950 0.039 2.024
4.975 0.239 1.951
5.000 0.505 1.951
5.025 0.749 1.902
5.050 1.060 1.854
5.075 1.216 1.805
5.100 1.415 1.757
5.125 1.593 1.708
5.150 1.704 1.708
5.175 1.815 1.659
5.200 1.926 1.611
5.225 1.993 1.587
5.250 2.015 1.587
5.275 1.993 1.562
5.300 1.993 1.489
5.325 1.904 1.514
5.350 1.793 1.489
5.375 1.660 1.514
5.400 1.526 1.465
5.425 1.349 1.465
5.450 1.149 1.441
5.475 0.927 1.441
5.500 0.705 1.416
5.525 0.461 1.441
5.550 0.194 1.416
5.575 -0.072 1.538
5.600 -0.383 1.514
5.625 -0.694 1.514
5.650 -0.982 1.562
5.675 -1.271 1.562
5.700 -1.559 1.587
5.725 -1.826 1.587
5.750 -2.092 1.611
5.775 -2.336 1.611
5.800 -2.536 1.611
5.825 -2.780 1.635
5.850 -2.980 1.514
5.875 -3.202 1.538
5.900 -3.380 1.538
5.925 -3.491 1.514
5.950 -3.557 1.465
5.975 -3.646 1.416
6.000 -3.668 1.392
6.025 -3.668 1.368
6.050 -3.668 1.319
6.075 -3.624 1.271
6.100 -3.580 1.222
6.125 -3.469 1.125
6.150 -3.313 1.149
6.175 -3.224 1.052
6.200 -3.002 1.003
6.225 -2.825 0.930
6.250 -2.558 0.930
6.275 -2.381 0.858
6.300 -2.181 0.809
6.325 -1.892 0.833
6.350 -1.604 0.736
6.375 -1.315 0.712
6.400 -1.071 0.687
6.425 -0.694 0.687
6.450 -0.427 0.687
6.475 -0.205 0.687
6.500 0.106 0.663
6.525 0.372 0.712
6.550 0.616 0.736
6.575 0.838 0.809
6.600 1.038 0.858
6.625 1.282 0.882
6.650 1.460 0.955
6.675 1.615 1.028
6.700 1.726 1.173
6.725 1.793 1.246
6.750 1.859 1.368
6.775 1.926 1.489
6.800 1.882 1.635
6.825 1.904 1.708
6.850 1.882 1.757
6.875 1.815 1.902
6.900 1.637 2.000
6.925 1.549 2.121
6.950 1.327 2.194
6.975 1.193 2.340
7.000 0.994 2.486
7.025 0.794 2.559
7.050 0.527 2.631
7.075 0.283 2.704
7.100 -0.028 2.704
7.125 -0.250 2.826
7.150 -0.516 2.850
7.175 -0.782 2.874
7.200 -1.071 2.874
7.225 -1.337 2.850
7.250 -1.626 2.874
7.275 -1.870 2.777
7.300 -2.137 2.753
7.325 -2.403 2.680
7.350 -2.581 2.631
7.375 -2.803 2.534
7.400 -3.002 2.437
7.425 -3.091 2.243
7.450 -3.247 2.145
7.475 -3.335 2.048
7.500 -3.469 1.878
7.525 -3.491 1.635
7.550 -3.491 1.489
7.575 -3.469 1.368
7.600 -3.491 1.149
7.625 -3.469 0.955
7.650 -3.358 0.809
7.675 -3.224 0.615
7.700 -3.158 0.445
7.725 -2.980 0.226
7.750 -2.825 0.080
7.775 -2.647 -0.066
7.800 -2.425 -0.090
7.825 -2.181 -0.284
7.850 -1.937 -0.382
7.875 -1.759 -0.527
7.900 -1.448 -0.552
7.925 -1.138 -0.600
7.950 -0.827 -0.600
7.975 -0.649 -0.552
8.000 -0.383 -0.552
8.025 -0.094 -0.552
8.050 0.061 -0.503
8.075 0.328 -0.357
8.100 0.527 -0.260
8.125 0.772 -0.163
8.150 0.994 0.007
8.175 1.193 0.153
8.200 1.304 0.372
8.225 1.415 0.566
8.250 1.438 0.809
8.275 1.549 0.930
8.300 1.615 1.222
8.325 1.593 1.465
8.350 1.615 1.659
8.375 1.549 1.927
8.400 1.549 2.170
8.425 1.460 2.364
8.450 1.282 2.631
8.475 1.193 2.850
8.500 1.016 3.093
8.525 0.816 3.215
8.550 0.661 3.458
8.575 0.483 3.579
8.600 0.239 3.701
8.625 0.039 3.822
8.650 -0.250 3.968
8.675 -0.449 4.065
8.700 -0.694 4.114
8.725 -0.938 4.090
8.750 -1.226 4.090
8.775 -1.382 4.041
8.800 -1.648 4.017
8.825 -1.870 3.895
8.850 -2.070 3.749
8.875 -2.248 3.603
8.900 -2.470 3.482
8.925 -2.603 3.239
8.950 -2.758 3.069
8.975 -2.914 2.802
9.000 -2.980 2.631
9.025 -3.091 2.316
9.050 -3.113 2.024
9.075 -3.113 1.757
9.100 -3.113 1.465
9.125 -3.091 1.173
9.150 -3.047 0.858
9.175 -2.980 0.517
9.200 -2.847 0.299
9.225 -2.780 -0.041
9.250 -2.714 -0.260
9.275 -2.536 -0.552
9.300 -2.403 -0.746
9.325 -2.270 -0.989
9.350 -2.092 -1.135
9.375 -1.848 -1.354
9.400 -1.670 -1.475
9.425 -1.493 -1.621
9.450 -1.337 -1.670
9.475 -1.049 -1.694
9.500 -0.782 -1.694
9.525 -0.583 -1.718
9.550 -0.427 -1.621
9.575 -0.161 -1.597
9.600 -0.028 -1.427
9.625 0.194 -1.281
9.650 0.350 -1.086
9.675 0.527 -0.916
9.700 0.616 -0.649
9.725 0.772 -0.382
9.750 0.816 -0.114
9.775 0.927 0.201
9.800 0.994 0.517
9.825 1.082 0.858
9.850 1.038 1.222
9.875 1.127 1.489
9.900 1.082 1.854
9.925 1.060 2.243
9.950 0.971 2.559
9.975 0.905 2.899
10.000 0.794 3.239
10.025 0.683 3.506
10.050 0.572 3.822
10.075 0.416 4.090
10.100 0.261 4.308
10.125 0.083 4.503
10.150 -0.072 4.673
10.175 -0.272 4.818
10.200 -0.449 4.964
10.225 -0.605 5.013
10.250 -0.760 5.037
10.275 -1.004 5.110
10.300 -1.204 5.086
10.325 -1.337 4.989
10.350 -1.559 4.916
10.375 -1.715 4.721
10.400 -1.848 4.551
10.425 -2.003 4.332
10.450 -2.159 4.041
10.475 -2.225 3.774
10.500 -2.359 3.555
10.525 -2.359 3.166
10.550 -2.447 2.874
10.575 -2.492 2.437
10.600 -2.558 2.097
10.625 -2.536 1.708
10.650 -2.536 1.246
10.675 -2.492 0.833
10.700 -2.470 0.517
10.725 -2.425 0.177
10.750 -2.359 -0.187
10.775 -2.292 -0.600
10.800 -2.159 -0.916
10.825 -2.026 -1.184
10.850 -1.915 -1.524
10.875 -1.759 -1.767
10.900 -1.648 -1.961
10.925 -1.493 -2.180
10.950 -1.360 -2.277
10.975 -1.226 -2.447
11.000 -1.093 -2.520
11.025 -0.916 -2.617
11.050 -0.694 -2.569
11.075 -0.583 -2.520
11.100 -0.427 -2.374
11.125 -0.294 -2.277
11.150 -0.227 -2.083
11.175 -0.050 -1.961
11.200 0.017 -1.645
11.225 0.106 -1.329
11.250 0.150 -1.038
11.275 0.239 -0.722
11.300 0.328 -0.309
11.325 0.328 0.056
11.350 0.394 0.517
11.375 0.394 0.858
11.400 0.439 1.295
11.425 0.483 1.684
11.450 0.416 2.121
11.475 0.372 2.534
11.500 0.305 2.947
11.525 0.217 3.312
11.550 0.150 3.749
11.575 0.128 4.114
11.600 -0.005 4.381
11.625 -0.116 4.697
11.650 -0.272 5.013
11.675 -0.272 5.207
11.700 -0.472 5.402
11.725 -0.516 5.596
11.750 -0.694 5.693
11.775 -0.871 5.742
11.800 -0.960 5.766
11.825 -1.027 5.766
11.850 -1.138 5.669
11.875 -1.271 5.499
11.900 -1.382 5.450
11.925 -1.471 5.183
11.950 -1.515 4.964
11.975 -1.604 4.697
12.000 -1.715 4.430
12.025 -1.737 4.065
12.050 -1.781 3.725
12.075 -1.804 3.336
12.100 -1.826 2.899
12.125 -1.826 2.437
12.150 -1.848 2.073
12.175 -1.870 1.611
12.200 -1.870 1.149
12.225 -1.804 0.590
12.250 -1.781 0.250
12.275 -1.759 -0.284
12.300 -1.715 -0.625
12.325 -1.626 -1.038
12.350 -1.648 -1.354
12.375 -1.493 -1.767
12.400 -1.404 -2.058
12.425 -1.315 -2.350
12.450 -1.226 -2.520
12.475 -1.138 -2.714
12.500 -1.093 -2.836
12.525 -1.004 -3.006
12.550 -1.004 -3.103
12.575 -0.849 -3.079
12.600 -0.760 -3.006
12.625 -0.671 -2.982
12.650 -0.583 -2.836
12.675 -0.538 -2.666
12.700 -0.538 -2.423
12.725 -0.472 -2.180
12.750 -0.472 -1.961
12.775 -0.383 -1.621
12.800 -0.383 -1.208
12.825 -0.338 -0.819
12.850 -0.383 -0.357
12.875 -0.316 0.031
12.900 -0.294 0.469
12.925 -0.272 0.882
12.950 -0.294 1.416
12.975 -0.294 1.854
13.000 -0.316 2.364
13.025 -0.405 2.802
13.050 -0.427 3.263
13.075 -0.472 3.652
13.100 -0.494 4.090
13.125 -0.560 4.430
13.150 -0.605 4.794
13.175 -0.627 5.086
13.200 -0.671 5.377
13.225 -0.760 5.572
13.250 -0.760 5.790
13.275 -0.849 5.912
13.300 -0.871 6.009
13.325 -0.938 6.106
13.350 -0.893 6.106
13.375 -0.982 6.009
13.400 -1.027 5.961
13.425 -1.027 5.815
13.450 -1.071 5.620
13.475 -1.093 5.377
13.500 -1.093 5.110
13.525 -1.071 4.843
13.550 -1.049 4.478
13.575 -1.093 4.041
13.600 -1.115 3.652
13.625 -1.115 3.190
13.650 -1.115 2.777
13.675 -1.093 2.340
13.700 -1.049 1.927
13.725 -1.004 1.392
13.750 -1.004 0.882
13.775 -1.004 0.396
13.800 -1.004 -0.017
13.825 -0.960 -0.479
13.850 -0.982 -0.892
13.875 -0.960 -1.281
13.900 -0.960 -1.718
13.925 -0.938 -2.034
13.950 -0.938 -2.301
13.975 -0.938 -2.642
14.000 -0.893 -2.860
14.025 -0.916 -2.982
14.050 -0.871 -3.079
14.075 -0.849 -3.225
14.100 -0.893 -3.273
14.125 -0.916 -3.225
14.150 -0.893 -3.225
14.175 -0.916 -3.103
14.200 -0.938 -2.958
14.225 -0.916 -2.739
14.250 -0.938 -2.447
14.275 -0.960 -2.180
14.300 -0.982 -1.864
14.325 -1.027 -1.499
14.350 -1.004 -1.135
14.375 -1.071 -0.722
14.400 -1.049 -0.284
14.425 -1.071 0.201
14.450 -1.093 0.615
14.475 -1.115 1.125
14.500 -1.138 1.611
14.525 -1.160 2.097
14.550 -1.160 2.534
14.575 -1.115 2.996
14.600 -1.204 3.458
14.625 -1.226 3.871
14.650 -1.160 4.260
14.675 -1.138 4.624
14.700 -1.093 4.916
14.725 -1.138 5.183
14.750 -1.049 5.475
14.775 -1.093 5.620
14.800 -1.027 5.839
14.825 -1.027 5.985
14.850 -0.982 6.034
14.875 -0.938 6.058
14.900 -0.871 6.009
14.925 -0.849 5.961
14.950 -0.827 5.815
14.975 -0.738 5.693
15.000 -0.694 5.450
15.025 -0.560 5.280
15.050 -0.538 4.989
15.075 -0.494 4.673
15.100 -0.449 4.332
15.125 -0.427 3.944
15.150 -0.405 3.482
15.175 -0.338 3.045
15.200 -0.250 2.583
15.225 -0.294 2.145
15.250 -0.227 1.684
15.275 -0.227 1.222
15.300 -0.205 0.663
15.325 -0.227 0.299
15.350 -0.272 -0.139
15.375 -0.272 -0.600
15.400 -0.294 -0.965
15.425 -0.361 -1.329
15.450 -0.338 -1.670
15.475 -0.405 -1.937
15.500 -0.472 -2.301
15.525 -0.516 -2.569
15.550 -0.538 -2.763
15.575 -0.671 -2.812
15.600 -0.738 -2.909
15.625 -0.805 -2.982
15.650 -0.849 -3.006
15.675 -0.960 -2.933
15.700 -1.027 -2.860
15.725 -1.115 -2.763
15.750 -1.271 -2.617
15.775 -1.337 -2.374
15.800 -1.404 -2.180
15.825 -1.515 -1.840
15.850 -1.559 -1.548
15.875 -1.693 -1.184
15.900 -1.693 -0.819
15.925 -1.737 -0.382
15.950 -1.826 0.007
15.975 -1.892 0.445
16.000 -1.870 0.858
16.025 -1.848 1.271
16.050 -1.892 1.684
16.075 -1.937 2.194
16.100 -1.848 2.607
16.125 -1.870 2.996
16.150 -1.804 3.409
16.175 -1.826 3.822
16.200 -1.715 4.138
16.225 -1.670 4.503
16.250 -1.582 4.721
16.275 -1.493 4.964
16.300 -1.404 5.183
16.325 -1.315 5.402
16.350 -1.226 5.547
16.375 -1.093 5.620
16.400 -1.004 5.645
16.425 -0.871 5.669
16.450 -0.694 5.620
16.475 -0.605 5.596
16.500 -0.449 5.426
16.525 -0.361 5.256
16.550 -0.294 5.013
16.575 -0.139 4.746
16.600 -0.028 4.478
16.625 0.083 4.187
16.650 0.239 3.895
16.675 0.261 3.531
16.700 0.372 3.166
16.725 0.372 2.729
16.750 0.416 2.316
16.775 0.461 1.927
16.800 0.483 1.514
16.825 0.505 1.173
16.850 0.505 0.712
16.875 0.461 0.323
16.900 0.394 -0.114
16.925 0.328 -0.430
16.950 0.239 -0.819
16.975 0.172 -1.086
17.000 0.106 -1.378
17.025 -0.005 -1.621
17.050 -0.072 -1.888
17.075 -0.205 -2.010
17.100 -0.361 -2.204
17.125 -0.583 -2.350
17.150 -0.671 -2.423
17.175 -0.849 -2.471
17.200 -1.027 -2.496
17.225 -1.182 -2.350
17.250 -1.271 -2.253
17.275 -1.382 -2.131
17.300 -1.537 -2.010
17.325 -1.759 -1.791
17.350 -1.870 -1.597
17.375 -2.048 -1.305
17.400 -2.159 -1.013
17.425 -2.292 -0.698
17.450 -2.403 -0.357
17.475 -2.470 -0.041
17.500 -2.492 0.347
17.525 -2.514 0.712
17.550 -2.581 1.052
17.575 -2.603 1.465
17.600 -2.581 1.854
17.625 -2.603 2.218
17.650 -2.536 2.559
17.675 -2.514 2.923
17.700 -2.403 3.239
17.725 -2.336 3.579
17.750 -2.181 3.774
17.775 -2.092 4.041
17.800 -1.959 4.235
17.825 -1.826 4.454
17.850 -1.648 4.648
17.875 -1.493 4.770
17.900 -1.337 4.818
17.925 -1.115 4.940
17.950 -0.893 4.940
17.975 -0.760 4.916
18.000 -0.538 4.843
18.025 -0.405 4.794
18.050 -0.227 4.624
18.075 0.017 4.478
18.100 0.150 4.284
18.125 0.372 4.114
18.150 0.461 3.895
18.175 0.616 3.603
18.200 0.772 3.336
18.225 0.860 3.069
18.250 0.949 2.729
18.275 1.016 2.461
18.300 1.082 2.073
18.325 1.082 1.757
18.350 1.082 1.392
18.375 1.149 1.101
18.400 1.060 0.760
18.425 1.016 0.445
18.450 0.927 0.153
18.475 0.860 -0.090
18.500 0.794 -0.357
18.525 0.661 -0.576
18.550 0.527 -0.819
18.575 0.305 -1.062
18.600 0.128 -1.184
18.625 -0.072 -1.329
18.650 -0.227 -1.402
18.675 -0.472 -1.451
18.700 -0.694 -1.548
18.725 -0.893 -1.524
18.750 -1.093 -1.524
18.775 -1.315 -1.475
18.800 -1.582 -1.427
18.825 -1.781 -1.256
18.850 -1.937 -1.135
18.875 -2.159 -0.989
18.900 -2.292 -0.795
18.925 -2.514 -0.552
18.950 -2.669 -0.357
18.975 -2.736 -0.090
19.000 -2.914 0.153
19.025 -3.002 0.469
19.050 -3.025 0.687
19.075 -3.091 0.955
19.100 -3.113 1.271
19.125 -3.113 1.538
19.150 -3.136 1.805
19.175 -3.069 2.097
19.200 -3.002 2.364
19.225 -2.980 2.607
19.250 -2.847 2.802
19.275 -2.669 3.020
19.300 -2.514 3.190
19.325 -2.403 3.361
19.350 -2.181 3.506
19.375 -1.937 3.652
19.400 -1.804 3.701
19.425 -1.537 3.846
19.450 -1.293 3.895
19.475 -1.093 3.895
19.500 -0.871 3.846
19.525 -0.627 3.846
19.550 -0.383 3.846
19.575 -0.139 3.774
19.600 0.172 3.628
19.625 0.305 3.555
19.650 0.594 3.409
19.675 0.705 3.263
19.700 0.927 3.069
19.725 1.105 2.874
19.750 1.216 2.680
19.775 1.327 2.461
19.800 1.460 2.316
19.825 1.504 2.097
19.850 1.593 1.805
19.875 1.571 1.587
19.900 1.593 1.392
19.925 1.526 1.198
19.950 1.504 0.955
19.975 1.415 0.785
20.000 1.304 0.542
20.025 1.216 0.396
20.050 1.082 0.250
20.075 0.927 0.080
20.100 0.616 -0.041
20.125 0.416 -0.163
20.150 0.172 -0.260
20.175 -0.050 -0.309
20.200 -0.272 -0.357
20.225 -0.494 -0.430
20.250 -0.716 -0.430
20.275 -1.004 -0.406
20.300 -1.293 -0.406
20.325 -1.582 -0.382
20.350 -1.804 -0.284
20.375 -2.048 -0.212
20.400 -2.248 -0.066
20.425 -2.447 0.056
20.450 -2.669 0.153
20.475 -2.825 0.299
20.500 -3.002 0.420
20.525 -3.180 0.542
20.550 -3.224 0.663
20.575 -3.335 0.882
20.600 -3.469 1.052
20.625 -3.446 1.173
20.650 -3.469 1.344
20.675 -3.469 1.538
20.700 -3.402 1.708
20.725 -3.335 1.805
20.750 -3.247 1.927
20.775 -3.158 2.097
20.800 -2.980 2.243
20.825 -2.825 2.291
20.850 -2.669 2.364
20.875 -2.492 2.437
20.900 -2.248 2.534
20.925 -2.048 2.583
20.950 -1.781 2.631
20.975 -1.493 2.656
21.000 -1.226 2.680
21.025 -0.960 2.656
21.050 -0.694 2.680
21.075 -0.449 2.680
21.100 -0.161 2.631
21.125 0.039 2.607
21.150 0.372 2.534
21.175 0.594 2.486
21.200 0.838 2.389
21.225 0.994 2.291
21.250 1.260 2.267
21.275 1.393 2.170
21.300 1.549 2.073
21.325 1.637 1.927
21.350 1.793 1.830
21.375 1.837 1.732
21.400 1.948 1.635
21.425 1.904 1.538
21.450 1.815 1.392
21.475 1.837 1.319
21.500 1.771 1.319
21.525 1.637 1.246
21.550 1.504 1.149
21.575 1.304 1.003
21.600 1.149 1.028
21.625 0.927 0.979
21.650 0.705 0.955
21.675 0.483 0.906
21.700 0.217 0.906
21.725 -0.072 0.882
21.750 -0.294 0.906
21.775 -0.560 0.906
21.800 -0.827 0.833
21.825 -1.138 0.882
21.850 -1.404 0.882
21.875 -1.648 0.930
21.900 -1.981 0.955
21.925 -2.248 1.003
21.950 -2.447 1.052
21.975 -2.736 1.076
22.000 -2.869 1.052
22.025 -3.002 1.076
22.050 -3.158 1.173
22.075 -3.313 1.246
22.100 -3.402 1.271
22.125 -3.513 1.246
22.150 -3.557 1.271
22.175 -3.624 1.319
22.200 -3.624 1.416
22.225 -3.557 1.416
22.250 -3.535 1.392
22.275 -3.491 1.392
22.300 -3.313 1.465
22.325 -3.180 1.441
22.350 -3.047 1.465
22.375 -2.869 1.465
22.400 -2.647 1.441
22.425 -2.447 1.416
22.450 -2.248 1.392
22.475 -1.981 1.392
22.500 -1.737 1.416
22.525 -1.404 1.344
22.550 -1.093 1.344
22.575 -0.805 1.344
22.600 -0.538 1.295
22.625 -0.316 1.319
22.650 -0.028 1.344
22.675 0.239 1.319
22.700 0.505 1.319
22.725 0.705 1.344
22.750 0.927 1.392
22.775 1.171 1.392
22.800 1.393 1.392
22.825 1.504 1.392
22.850 1.593 1.489
22.875 1.704 1.441
22.900 1.771 1.489
22.925 1.837 1.538
22.950 1.859 1.562
22.975 1.882 1.587
23.000 1.837 1.611
23.025 1.793 1.684
23.050 1.660 1.684
23.075 1.504 1.805
23.100 1.415 1.830
23.125 1.260 1.902
23.150 1.105 1.975
23.175 0.860 1.975
23.200 0.616 2.048
23.225 0.394 2.048
23.250 0.061 2.048
23.275 -0.139 2.121
23.300 -0.449 2.121
23.325 -0.738 2.145
23.350 -1.049 2.170
23.375 -1.271 2.145
23.400 -1.626 2.145
23.425 -1.826 2.145
23.450 -2.070 2.145
23.475 -2.292 2.097
23.500 -2.492 2.048
23.525 -2.714 1.951
23.550 -2.914 1.951
23.575 -3.091 1.878
23.600 -3.247 1.830
23.625 -3.358 1.732
23.650 -3.424 1.659
23.675 -3.513 1.538
23.700 -3.535 1.465
23.725 -3.557 1.344
23.750 -3.513 1.271
23.775 -3.424 1.125
23.800 -3.358 0.979
23.825 -3.291 0.882
23.850 -3.224 0.785
23.875 -3.047 0.687
23.900 -2.869 0.590
23.925 -2.669 0.493
23.950 -2.536 0.372
23.975 -2.248 0.274
24.000 -2.048 0.226
24.025 -1.826 0.201
24.050 -1.582 0.201
24.075 -1.249 0.129
24.100 -1.027 0.129
24.125 -0.716 0.104
24.150 -0.516 0.104
24.175 -0.183 0.129
24.200 0.039 0.153
24.225 0.283 0.250
24.250 0.505 0.299
24.275 0.705 0.347
24.300 0.905 0.493
24.325 1.105 0.566
24.350 1.282 0.687
24.375 1.415 0.809
24.400 1.482 1.003
24.425 1.593 1.125
24.450 1.682 1.344
24.475 1.682 1.392
24.500 1.704 1.587
24.525 1.704 1.805
24.550 1.593 2.000
24.575 1.482 2.145
24.600 1.438 2.291
24.625 1.327 2.461
24.650 1.149 2.656
24.675 0.971 2.729
24.700 0.816 2.923
24.725 0.572 3.069
24.750 0.394 3.142
24.775 0.150 3.166
24.800 -0.072 3.263
24.825 -0.316 3.312
24.850 -0.605 3.385
24.875 -0.916 3.385
24.900 -1.071 3.458
24.925 -1.382 3.433
24.950 -1.582 3.385
24.975 -1.826 3.288
25.000 -2.048 3.239
25.025 -2.270 3.117
25.050 -2.447 2.996
25.075 -2.603 2.874
25.100 -2.758 2.777
25.125 -2.891 2.583
25.150 -3.002 2.389
25.175 -3.113 2.170
25.200 -3.224 1.927
25.225 -3.247 1.684
25.250 -3.291 1.416
25.275 -3.269 1.198
25.300 -3.269 1.052
25.325 -3.180 0.760
25.350 -3.113 0.542
25.375 -3.002 0.347
25.400 -2.891 0.104
25.425 -2.714 -0.090
25.450 -2.603 -0.284
25.475 -2.425 -0.430
25.500 -2.181 -0.576
25.525 -1.981 -0.746
25.550 -1.759 -0.843
25.575 -1.537 -0.892
25.600 -1.426 -0.989
25.625 -1.138 -1.038
25.650 -0.893 -1.062
25.675 -0.694 -1.062
25.700 -0.516 -1.038
25.725 -0.250 -0.989
25.750 -0.050 -0.892
25.775 0.150 -0.770
25.800 0.416 -0.649
25.825 0.572 -0.479
25.850 0.727 -0.284
25.875 0.949 -0.114
25.900 1.016 0.153
25.925 1.105 0.372
25.950 1.171 0.663
25.975 1.260 0.930
26.000 1.282 1.222
26.025 1.349 1.514
26.050 1.282 1.781
26.075 1.238 2.000
26.100 1.193 2.291
26.125 1.149 2.583
26.150 0.994 2.874
26.175 0.905 3.117
26.200 0.772 3.385
26.225 0.594 3.628
26.250 0.439 3.798
26.275 0.239 3.992
26.300 0.061 4.187
26.325 -0.094 4.284
26.350 -0.361 4.405
26.375 -0.472 4.454
26.400 -0.738 4.478
26.425 -0.916 4.454
26.450 -1.115 4.454
26.475 -1.360 4.381
26.500 -1.604 4.308
26.525 -1.781 4.211
26.550 -1.915 4.114
26.575 -2.026 3.944
26.600 -2.225 3.774
26.625 -2.403 3.482
26.650 -2.492 3.263
26.675 -2.581 2.947
26.700 -2.647 2.753
26.725 -2.714 2.413
26.750 -2.780 2.097
26.775 -2.825 1.781
26.800 -2.758 1.392
26.825 -2.758 1.003
26.850 -2.736 0.736
26.875 -2.692 0.396
26.900 -2.581 0.104
26.925 -2.447 -0.212
26.950 -2.381 -0.527
26.975 -2.292 -0.795
27.000 -2.159 -1.062
27.025 -1.981 -1.281
27.050 -1.826 -1.475
27.075 -1.626 -1.670
27.100 -1.493 -1.767
27.125 -1.337 -1.888
27.150 -1.160 -1.961
27.175 -0.982 -2.034
27.200 -0.849 -1.985
27.225 -0.694 -2.010
27.250 -0.494 -1.913
27.275 -0.316 -1.815
27.300 -0.183 -1.718
27.325 0.061 -1.572
27.350 0.194 -1.305
27.375 0.261 -1.062
27.400 0.372 -0.819
27.425 0.483 -0.552
27.450 0.527 -0.139
27.475 0.616 0.104
27.500 0.661 0.420
27.525 0.705 0.785
27.550 0.749 1.222
27.575 0.749 1.587
27.600 0.749 2.000
27.625 0.683 2.291
27.650 0.616 2.680
27.675 0.505 3.045
27.700 0.416 3.433
27.725 0.372 3.725
27.750 0.283 4.041
27.775 0.150 4.308
27.800 -0.028 4.551
27.825 -0.094 4.746
27.850 -0.227 4.916
27.875 -0.405 5.037
27.900 -0.538 5.183
27.925 -0.716 5.280
27.950 -0.871 5.329
27.975 -1.027 5.329
28.000 -1.182 5.256
28.025 -1.249 5.183
28.050 -1.426 5.061
28.075 -1.537 4.916
28.100 -1.648 4.697
28.125 -1.737 4.430
28.150 -1.870 4.187
28.175 -1.959 3.895
28.200 -2.026 3.603
28.225 -2.070 3.190
28.250 -2.070 2.874
28.275 -2.137 2.510
28.300 -2.137 2.073
28.325 -2.137 1.684
28.350 -2.137 1.319
28.375 -2.114 0.858
28.400 -2.114 0.396
28.425 -2.070 -0.017
28.450 -2.048 -0.357
28.475 -1.959 -0.746
28.500 -1.870 -1.062
28.525 -1.759 -1.427
28.550 -1.715 -1.670
28.575 -1.559 -1.937
28.600 -1.515 -2.156
28.625 -1.382 -2.374
28.650 -1.204 -2.471
28.675 -1.160 -2.666
28.700 -0.982 -2.666
28.725 -0.849 -2.714
28.750 -0.782 -2.642
28.775 -0.671 -2.690
28.800 -0.649 -2.544
28.825 -0.494 -2.374
28.850 -0.405 -2.204
28.875 -0.272 -1.961
28.900 -0.205 -1.694
28.925 -0.161 -1.427
28.950 -0.094 -1.111
28.975 -0.050 -0.770
29.000 -0.028 -0.357
29.025 -0.028 0.056
29.050 0.039 0.445
29.075 0.017 0.858
29.100 0.039 1.344
29.125 0.061 1.732
29.150 -0.028 2.194
29.175 -0.050 2.631
29.200 -0.072 3.045
29.225 -0.116 3.409
29.250 -0.183 3.871
29.275 -0.250 4.114
29.300 -0.316 4.527
29.325 -0.405 4.818
29.350 -0.472 5.086
29.375 -0.516 5.280
29.400 -0.538 5.499
29.425 -0.671 5.596
29.450 -0.782 5.766
29.475 -0.827 5.839
29.500 -0.960 5.863
29.525 -0.982 5.790
29.550 -1.049 5.766
29.575 -1.093 5.620
29.600 -1.182 5.475
29.625 -1.249 5.304
29.650 -1.315 5.037
29.675 -1.315 4.673
29.700 -1.337 4.405
29.725 -1.382 4.041
29.750 -1.426 3.652
29.775 -1.404 3.288
29.800 -1.426 2.874
29.825 -1.426 2.461
29.850 -1.448 2.024
29.875 -1.448 1.538
29.900 -1.448 1.101
29.925 -1.382 0.639
29.950 -1.404 0.250
29.975 -1.360 -0.212
30.000 -1.337 -0.625
30.025 -1.271 -1.038
30.050 -1.249 -1.354
30.075 -1.182 -1.742
30.100 -1.204 -2.058
30.125 -1.138 -2.301
30.150 -1.138 -2.544
30.175 -0.982 -2.714
30.200 -1.004 -2.860
30.225 -0.938 -3.006
30.250 -0.916 -3.006
30.275 -0.916 -3.030
30.300 -0.871 -2.958
30.325 -0.782 -2.933
30.350 -0.805 -2.763
30.375 -0.760 -2.666
30.400 -0.760 -2.399
30.425 -0.716 -2.107
30.450 -0.738 -1.815
30.475 -0.694 -1.499
30.500 -0.716 -1.159
30.525 -0.738 -0.770
30.550 -0.694 -0.284
30.575 -0.671 0.080
30.600 -0.716 0.542
30.625 -0.760 0.930
30.650 -0.760 1.465
30.675 -0.694 1.927
30.700 -0.738 2.389
30.725 -0.782 2.777
30.750 -0.827 3.263
30.775 -0.805 3.628
30.800 -0.782 4.065
30.825 -0.827 4.430
30.850 -0.827 4.818
30.875 -0.827 5.061
30.900 -0.849 5.329
30.925 -0.893 5.523
30.950 -0.938 5.669
30.975 -0.916 5.815
31.000 -0.938 5.936
31.025 -0.938 5.961
31.050 -0.938 5.985
31.075 -0.871 5.912
31.100 -0.916 5.790
31.125 -0.827 5.572
31.150 -0.849 5.499
31.175 -0.849 5.232
31.200 -0.849 4.989
31.225 -0.827 4.721
31.250 -0.805 4.357
31.275 -0.782 3.968
31.300 -0.760 3.652
31.325 -0.738 3.190
31.350 -0.760 2.729
31.375 -0.716 2.316
31.400 -0.694 1.878
31.425 -0.671 1.344
31.450 -0.649 0.906
31.475 -0.671 0.469
31.500 -0.649 0.007
31.525 -0.583 -0.406
31.550 -0.605 -0.795
31.575 -0.627 -1.208
31.600 -0.671 -1.524
31.625 -0.716 -1.840
31.650 -0.694 -2.156
31.675 -0.694 -2.471
31.700 -0.716 -2.642
31.725 -0.760 -2.787
31.750 -0.805 -2.909
31.775 -0.849 -3.006
31.800 -0.893 -2.982
31.825 -0.916 -2.958
31.850 -0.938 -2.909
31.875 -0.982 -2.836
31.900 -1.115 -2.690
31.925 -1.093 -2.471
31.950 -1.160 -2.228
31.975 -1.226 -1.937
32.000 -1.315 -1.670
32.025 -1.315 -1.329
32.050 -1.315 -0.916
32.075 -1.404 -0.600
32.100 -1.404 -0.212
32.125 -1.471 0.250
32.150 -1.448 0.809
32.175 -1.493 1.222
32.200 -1.448 1.684
32.225 -1.471 2.145
32.250 -1.493 2.534
32.275 -1.537 2.923
32.300 -1.515 3.336
32.325 -1.471 3.725
32.350 -1.426 4.090
32.375 -1.426 4.454
32.400 -1.360 4.721
32.425 -1.293 4.989
32.450 -1.249 5.207
32.475 -1.182 5.402
32.500 -1.049 5.547
32.525 -1.027 5.645
32.550 -0.938 5.718
32.575 -0.871 5.766
32.600 -0.782 5.742
32.625 -0.694 5.645
32.650 -0.583 5.547
32.675 -0.538 5.402
32.700 -0.472 5.183
32.725 -0.361 4.916
32.750 -0.316 4.673
32.775 -0.250 4.332
32.800 -0.250 4.041
32.825 -0.094 3.676
32.850 -0.072 3.312
32.875 -0.028 2.899
32.900 -0.005 2.510
32.925 0.061 2.073
32.950 0.083 1.684
32.975 0.083 1.271
33.000 0.083 0.858
33.025 0.106 0.420
33.050 0.061 -0.017
33.075 0.017 -0.455
33.100 -0.050 -0.843
33.125 -0.072 -1.135
33.150 -0.205 -1.451
33.175 -0.205 -1.718
33.200 -0.272 -1.961
33.225 -0.405 -2.180
33.250 -0.516 -2.399
33.275 -0.560 -2.520
33.300 -0.671 -2.569
33.325 -0.782 -2.642
33.350 -0.916 -2.593
33.375 -1.027 -2.569
33.400 -1.160 -2.520
33.425 -1.271 -2.374
33.450 -1.337 -2.180
33.475 -1.448 -1.985
33.500 -1.582 -1.815
33.525 -1.737 -1.548
33.550 -1.804 -1.256
33.575 -1.937 -0.916
33.600 -1.959 -0.527
33.625 -2.048 -0.260
33.650 -2.114 0.104
33.675 -2.203 0.493
33.700 -2.159 0.930
33.725 -2.203 1.368
33.750 -2.137 1.708
33.775 -2.203 2.170
33.800 -2.181 2.510
33.825 -2.092 2.899
33.850 -2.114 3.263
33.875 -2.048 3.579
33.900 -1.981 3.895
33.925 -1.848 4.187
33.950 -1.804 4.430
33.975 -1.670 4.648
34.000 -1.493 4.843
34.025 -1.382 4.964
34.050 -1.249 5.086
34.075 -1.138 5.134
34.100 -0.938 5.207
34.125 -0.827 5.207
34.150 -0.671 5.134
34.175 -0.494 5.110
34.200 -0.383 4.940
34.225 -0.250 4.770
34.250 -0.072 4.527
34.275 0.039 4.405
34.300 0.150 4.138
34.325 0.283 3.846
34.350 0.416 3.555
34.375 0.483 3.263
34.400 0.572 2.899
34.425 0.594 2.583
34.450 0.705 2.170
34.475 0.705 1.830
34.500 0.749 1.441
34.525 0.749 1.125
34.550 0.727 0.760
34.575 0.683 0.420
34.600 0.683 0.080
34.625 0.594 -0.260
34.650 0.527 -0.503
34.675 0.416 -0.746
34.700 0.305 -0.989
34.725 0.106 -1.232
34.750 -0.028 -1.499
34.775 -0.183 -1.597
34.800 -0.316 -1.718
34.825 -0.472 -1.791
34.850 -0.649 -1.864
34.875 -0.827 -1.888
34.900 -1.004 -1.888
34.925 -1.226 -1.815
34.950 -1.382 -1.767
34.975 -1.559 -1.572
35.000 -1.759 -1.524
35.025 -1.915 -1.354
35.050 -2.070 -1.135
35.075 -2.181 -0.916
35.100 -2.292 -0.698
35.125 -2.447 -0.406
35.150 -2.581 -0.090
35.175 -2.625 0.177
35.200 -2.758 0.517
35.225 -2.758 0.833
35.250 -2.825 1.076
35.275 -2.869 1.465
35.300 -2.780 1.757
35.325 -2.758 2.121
35.350 -2.714 2.364
35.375 -2.669 2.704
35.400 -2.625 2.972
35.425 -2.447 3.239
35.450 -2.336 3.409
35.475 -2.203 3.628
35.500 -2.048 3.822
35.525 -1.915 3.992
35.550 -1.693 4.114
35.575 -1.537 4.235
35.600 -1.293 4.260
35.625 -1.093 4.308
35.650 -0.893 4.332
35.675 -0.716 4.332
35.700 -0.427 4.235
35.725 -0.294 4.187
35.750 -0.072 4.114
35.775 0.128 3.992
35.800 0.350 3.798
35.825 0.461 3.652
35.850 0.616 3.482
35.875 0.794 3.239
35.900 0.927 2.947
35.925 1.060 2.729
35.950 1.149 2.486
35.975 1.171 2.194
36.000 1.282 1.927
36.025 1.282 1.659
36.050 1.304 1.392
36.075 1.238 1.125
36.100 1.260 0.955
36.125 1.171 0.687
36.150 1.060 0.372
36.175 0.927 0.226
36.200 0.838 0.031
36.225 0.661 -0.187
36.250 0.527 -0.357
36.275 0.350 -0.455
36.300 0.150 -0.600
36.325 -0.072 -0.722
36.350 -0.250 -0.868
36.375 -0.494 -0.892
36.400 -0.716 -0.892
36.425 -0.960 -0.941
36.450 -1.182 -0.868
36.475 -1.404 -0.819
36.500 -1.648 -0.795
36.525 -1.826 -0.673
36.550 -2.026 -0.625
36.575 -2.248 -0.455
36.600 -2.425 -0.382
36.625 -2.625 -0.114
36.650 -2.758 0.056
36.675 -2.936 0.299
36.700 -3.025 0.469
36.725 -3.069 0.663
36.750 -3.158 0.858
36.775 -3.180 1.125
36.800 -3.247 1.295
36.825 -3.224 1.489
36.850 -3.202 1.684
36.875 -3.158 1.902
36.900 -3.069 2.073
36.925 -3.002 2.267
36.950 -2.869 2.437
36.975 -2.736 2.631
37.000 -2.581 2.729
37.025 -2.425 2.899
37.050 -2.225 2.972
37.075 -2.003 3.117
37.100 -1.759 3.190
37.125 -1.559 3.288
37.150 -1.226 3.288
37.175 -1.071 3.288
37.200 -0.805 3.263
37.225 -0.583 3.239
37.250 -0.338 3.190
37.275 -0.072 3.117
37.300 0.217 3.045
37.325 0.372 3.020
37.350 0.638 2.899
37.375 0.794 2.826
37.400 0.971 2.656
37.425 1.149 2.486
37.450 1.282 2.389
37.475 1.415 2.218
37.500 1.504 2.073
37.525 1.571 1.902
37.550 1.615 1.732
37.575 1.660 1.562
37.600 1.637 1.465
37.625 1.593 1.344
37.650 1.504 1.149
37.675 1.460 1.028
37.700 1.371 0.809
37.725 1.171 0.712
37.750 1.105 0.663
37.775 0.883 0.590
37.800 0.638 0.493
37.825 0.461 0.420
37.850 0.261 0.347
37.875 0.017 0.323
37.900 -0.250 0.299
37.925 -0.538 0.226
37.950 -0.782 0.299
37.975 -1.093 0.299
38.000 -1.337 0.274
38.025 -1.582 0.323
38.050 -1.826 0.347
38.075 -2.026 0.420
38.100 -2.270 0.445
38.125 -2.514 0.542
38.150 -2.692 0.639
38.175 -2.869 0.687
38.200 -3.025 0.760
38.225 -3.136 0.858
38.250 -3.224 0.955
38.275 -3.380 1.101
38.300 -3.402 1.149
38.325 -3.513 1.246
38.350 -3.491 1.319
38.375 -3.469 1.416
38.400 -3.358 1.538
38.425 -3.380 1.611
38.450 -3.269 1.684
38.475 -3.113 1.732
38.500 -2.980 1.732
38.525 -2.803 1.854
38.550 -2.625 1.902
38.575 -2.470 1.951
38.600 -2.225 1.975
38.625 -2.003 2.048
38.650 -1.759 2.024
38.675 -1.493 2.024
38.700 -1.138 2.024
38.725 -0.916 2.000
38.750 -0.605 2.000
38.775 -0.405 1.975
38.800 -0.161 1.951
38.825 0.083 1.927
38.850 0.350 1.927
38.875 0.638 1.951
38.900 0.816 1.902
38.925 1.038 1.854
38.950 1.238 1.805
38.975 1.371 1.757
39.000 1.482 1.732
39.025 1.615 1.684
39.050 1.726 1.635
39.075 1.748 1.659
39.100 1.815 1.635
39.125 1.726 1.562
39.150 1.793 1.562
39.175 1.704 1.562
39.200 1.615 1.489
39.225 1.526 1.514
39.250 1.393 1.514
39.275 1.216 1.489
39.300 1.038 1.465
39.325 0.883 1.514
39.350 0.638 1.489
39.375 0.416 1.514
39.400 0.217 1.514
39.425 -0.116 1.538
39.450 -0.361 1.489
39.475 -0.627 1.538
39.500 -0.916 1.562
39.525 -1.204 1.562
39.550 -1.426 1.514
39.575 -1.626 1.587
39.600 -1.937 1.538
39.625 -2.159 1.538
39.650 -2.403 1.538
39.675 -2.647 1.538
39.700 -2.780 1.489
39.725 -2.980 1.538
39.750 -3.136 1.465
39.775 -3.291 1.465
39.800 -3.358 1.392
39.825 -3.424 1.392
39.850 -3.469 1.368
39.875 -3.513 1.319
39.900 -3.491 1.295
39.925 -3.491 1.246
39.950 -3.380 1.173
39.975 -3.335 1.198
40.000 -3.202 1.125
40.025 -3.180 1.076
40.050 -2.936 1.052
40.083 -2.736 1.028
40.108 -2.514 0.955
40.133 -2.292 0.906
40.158 -2.070 0.858
40.183 -1.804 0.833
40.208 -1.537 0.785
40.233 -1.271 0.736
40.258 -1.093 0.760
40.283 -0.760 0.760
40.308 -0.516 0.760
40.333 -0.205 0.809
40.358 0.061 0.809
40.383 0.261 0.833
40.408 0.483 0.858
40.433 0.727 0.906
40.458 0.905 0.930
40.483 1.082 1.003
40.508 1.238 1.003
40.533 1.393 1.125
40.558 1.526 1.222
40.583 1.593 1.319
40.608 1.682 1.465
40.633 1.771 1.489
40.658 1.704 1.635
40.683 1.726 1.708
40.708 1.660 1.781
40.733 1.571 1.927
40.758 1.482 2.048
40.783 1.371 2.145
40.808 1.171 2.243
40.833 1.016 2.267
40.858 0.794 2.364
40.883 0.661 2.486
40.908 0.416 2.559
40.933 0.172 2.656
40.958 -0.094 2.680
40.983 -0.316 2.729
41.008 -0.560 2.753
41.033 -0.849 2.753
41.058 -1.138 2.777
41.083 -1.360 2.753
41.108 -1.648 2.729
41.133 -1.870 2.680
41.158 -2.114 2.680
41.183 -2.270 2.559
41.208 -2.447 2.534
41.233 -2.669 2.413
41.258 -2.825 2.340
41.283 -2.958 2.170
41.308 -3.091 2.048
41.333 -3.202 1.902
41.358 -3.247 1.757
41.383 -3.291 1.587
41.408 -3.358 1.416
41.433 -3.313 1.198
41.458 -3.269 1.101
41.483 -3.247 0.906
41.508 -3.180 0.760
41.533 -3.047 0.615
41.558 -2.958 0.445
41.583 -2.825 0.323
41.608 -2.625 0.201
41.633 -2.492 0.007
41.658 -2.336 -0.114
41.683 -2.048 -0.187
41.708 -1.892 -0.260
41.733 -1.604 -0.382
41.758 -1.404 -0.382
41.783 -1.138 -0.479
41.808 -0.916 -0.455
41.833 -0.649 -0.455
41.872 -0.272 -0.430
41.897 -0.050 -0.309
41.922 0.217 -0.260
41.947 0.372 -0.139
41.972 0.572 -0.041
41.997 0.749 0.056
42.022 0.949 0.250
42.047 1.060 0.420
42.072 1.193 0.615
42.097 1.260 0.809
42.122 1.349 0.979
42.147 1.415 1.198
42.172 1.349 1.368
42.197 1.415 1.611
42.222 1.438 1.805
42.247 1.327 2.097
42.272 1.327 2.267
42.297 1.216 2.510
42.322 1.105 2.704
42.347 0.971 2.972
42.372 0.838 3.142
42.397 0.572 3.288
42.422 0.439 3.361
42.447 0.239 3.555
42.472 -0.005 3.676
42.497 -0.183 3.774
42.522 -0.405 3.846
42.547 -0.583 3.895
42.572 -0.871 3.895
42.597 -1.093 3.871
42.622 -1.337 3.822
42.647 -1.537 3.822
42.672 -1.693 3.749
42.697 -1.937 3.628
42.722 -2.070 3.506
42.747 -2.270 3.361
42.772 -2.447 3.190
42.797 -2.603 2.996
42.822 -2.692 2.729
42.847 -2.803 2.534
42.872 -2.891 2.243
42.897 -2.980 2.073
42.922 -3.002 1.781
42.947 -3.025 1.514
42.972 -3.002 1.198
42.997 -2.914 0.906
43.022 -2.847 0.663
43.047 -2.891 0.420
43.072 -2.692 0.153
43.097 -2.647 -0.090
43.122 -2.558 -0.333
43.147 -2.336 -0.527
43.172 -2.203 -0.770
43.198 -2.048 -0.941
43.223 -1.870 -1.086
43.248 -1.715 -1.184
43.273 -1.493 -1.305
43.298 -1.337 -1.329
43.323 -1.093 -1.451
43.348 -0.916 -1.475
43.373 -0.694 -1.427
43.398 -0.516 -1.402
43.423 -0.316 -1.354
43.448 -0.116 -1.208
43.473 0.039 -1.062
43.498 0.194 -0.892
43.523 0.394 -0.722
43.548 0.505 -0.503
43.573 0.594 -0.309
43.598 0.705 -0.041
43.623 0.794 0.274
43.650 0.860 0.566
43.675 0.971 0.833
43.700 0.949 1.173
43.725 1.038 1.465
43.750 0.883 1.830
43.775 0.905 2.145
43.800 0.883 2.486
43.832 0.838 2.753
43.857 0.705 3.117
43.882 0.616 3.336
43.907 0.461 3.628
43.932 0.372 3.871
43.957 0.172 4.114
43.982 -0.005 4.308
44.007 -0.161 4.478
44.032 -0.227 4.600
44.057 -0.472 4.746
44.082 -0.649 4.794
44.107 -0.827 4.794
44.132 -0.960 4.794
44.157 -1.182 4.746
44.182 -1.315 4.697
44.207 -1.515 4.551
44.232 -1.670 4.454
44.257 -1.804 4.235
44.282 -2.003 4.065
44.307 -2.092 3.822
44.332 -2.181 3.579
44.357 -2.270 3.336
44.382 -2.336 3.020
44.407 -2.425 2.656
44.432 -2.425 2.316
44.457 -2.425 1.975
44.482 -2.425 1.659
44.507 -2.447 1.246
44.532 -2.403 0.882
44.557 -2.359 0.566
44.582 -2.336 0.201
44.607 -2.314 -0.163
44.632 -2.225 -0.503
44.657 -2.114 -0.770
44.682 -1.981 -1.086
44.707 -1.915 -1.305
44.732 -1.737 -1.572
44.757 -1.604 -1.742
44.782 -1.515 -1.985
44.807 -1.360 -2.083
44.832 -1.182 -2.180
44.863 -1.027 -2.253
44.888 -0.893 -2.277
44.913 -0.738 -2.228
44.938 -0.671 -2.131
44.963 -0.449 -2.058
44.988 -0.316 -1.913
45.013 -0.183 -1.694
45.038 -0.139 -1.499
45.063 -0.050 -1.329
45.088 0.061 -1.013
45.113 0.172 -0.746
45.138 0.239 -0.406
45.163 0.261 -0.090
45.188 0.261 0.274
45.213 0.283 0.639
45.238 0.305 1.052
45.263 0.372 1.441
45.288 0.328 1.830
45.313 0.305 2.194
45.338 0.283 2.631
45.363 0.217 3.020
45.388 0.128 3.336
45.413 0.083 3.652
45.438 -0.050 3.992
45.463 -0.072 4.308
45.488 -0.205 4.575
45.513 -0.227 4.818
45.538 -0.361 5.013
45.563 -0.405 5.134
45.588 -0.583 5.304
45.613 -0.738 5.377
45.638 -0.849 5.450
45.663 -0.916 5.426
45.688 -1.049 5.475
45.713 -1.138 5.329
45.738 -1.249 5.232
45.763 -1.337 5.061
45.788 -1.493 4.891
45.813 -1.493 4.673
45.838 -1.626 4.430
45.863 -1.604 4.041
45.888 -1.648 3.774
45.913 -1.693 3.409
45.938 -1.715 3.093
45.963 -1.759 2.631
45.988 -1.781 2.218
46.013 -1.826 1.854
46.038 -1.781 1.441
46.063 -1.781 1.028
46.088 -1.781 0.590
46.113 -1.737 0.129
46.138 -1.737 -0.236
46.163 -1.670 -0.625
46.188 -1.537 -0.965
46.213 -1.448 -1.281
46.238 -1.448 -1.548
46.263 -1.382 -1.864
46.288 -1.315 -2.083
46.313 -1.249 -2.374
46.338 -1.182 -2.496
46.363 -1.138 -2.617
46.388 -1.049 -2.666
46.413 -0.938 -2.763
46.438 -0.871 -2.763
46.463 -0.782 -2.690
46.488 -0.716 -2.617
46.513 -0.627 -2.520
46.538 -0.649 -2.326
46.563 -0.538 -2.083
46.588 -0.538 -1.840
46.613 -0.472 -1.572
46.638 -0.449 -1.208
46.663 -0.383 -0.843
46.688 -0.449 -0.552
46.713 -0.361 -0.163
46.738 -0.361 0.299
46.763 -0.316 0.687
46.788 -0.405 1.125
46.813 -0.361 1.587
46.838 -0.405 2.024
46.863 -0.383 2.437
46.888 -0.383 2.899
46.913 -0.405 3.263
46.938 -0.449 3.676
46.963 -0.516 4.017
46.988 -0.516 4.332
47.013 -0.560 4.697
47.038 -0.627 4.964
47.063 -0.694 5.134
47.088 -0.738 5.426
47.113 -0.805 5.572
47.138 -0.827 5.669
47.163 -0.871 5.718
47.188 -0.960 5.766
47.213 -0.960 5.815
47.238 -0.960 5.669
47.263 -1.004 5.620
47.288 -0.982 5.450
47.313 -0.982 5.256
47.338 -1.027 5.061
47.363 -1.049 4.794
47.388 -1.071 4.527
47.413 -1.093 4.162
47.438 -1.049 3.822
47.463 -1.027 3.409
47.488 -1.093 2.996
47.513 -1.093 2.559
47.538 -1.071 2.170
47.563 -1.027 1.732
47.588 -1.071 1.271
47.613 -1.071 0.785
47.638 -1.027 0.420
47.663 -1.027 -0.041
47.688 -1.004 -0.406
47.713 -0.982 -0.843
47.738 -1.004 -1.184
47.763 -0.960 -1.572
47.788 -0.982 -1.864
47.813 -0.893 -2.131
47.838 -0.893 -2.350
47.863 -0.916 -2.544
47.888 -0.960 -2.666
47.913 -0.938 -2.812
47.938 -0.871 -2.860
47.963 -0.893 -2.933
47.988 -0.938 -2.909
48.013 -0.893 -2.836
48.038 -0.938 -2.714
48.063 -0.916 -2.569
48.088 -0.916 -2.326
48.113 -0.938 -2.131
48.138 -1.004 -1.791
48.163 -0.982 -1.524
48.188 -1.027 -1.184
48.213 -1.027 -0.819
48.238 -1.004 -0.406
48.263 -1.049 -0.041
48.288 -1.071 0.396
48.313 -1.093 0.858
48.338 -1.115 1.295
48.363 -1.115 1.684
48.388 -1.115 2.170
48.413 -1.160 2.583
48.438 -1.138 3.020
48.463 -1.115 3.385
48.488 -1.138 3.774
48.513 -1.115 4.138
48.538 -1.093 4.503
48.563 -1.071 4.770
48.588 -1.093 5.013
48.613 -1.049 5.256
48.638 -1.027 5.426
48.663 -0.982 5.523
48.688 -0.938 5.669
48.713 -0.960 5.718
48.738 -0.871 5.718
48.763 -0.782 5.718
48.788 -0.782 5.645
48.813 -0.716 5.499
48.838 -0.716 5.329
48.863 -0.649 5.134
48.888 -0.605 4.891
48.913 -0.538 4.624
48.938 -0.516 4.332
48.963 -0.494 3.992
48.988 -0.405 3.628
49.013 -0.383 3.190
49.038 -0.361 2.850
49.063 -0.338 2.437
49.088 -0.361 1.975
49.113 -0.316 1.562
49.138 -0.316 1.101
49.163 -0.338 0.663
49.188 -0.316 0.274
49.213 -0.294 -0.090
49.238 -0.272 -0.479
49.263 -0.338 -0.892
49.288 -0.405 -1.256
49.313 -0.405 -1.572
49.338 -0.449 -1.815
49.363 -0.560 -2.058
49.388 -0.649 -2.277
49.413 -0.671 -2.471
49.438 -0.716 -2.617
49.463 -0.716 -2.617
49.488 -0.849 -2.714
49.513 -0.938 -2.739
49.538 -1.049 -2.690
49.563 -1.138 -2.569
49.588 -1.182 -2.399
49.613 -1.249 -2.253
49.638 -1.337 -2.083
49.663 -1.382 -1.864
49.688 -1.493 -1.572
49.713 -1.559 -1.281
49.738 -1.559 -0.941
49.763 -1.648 -0.552
49.788 -1.670 -0.163
49.813 -1.737 0.226
49.838 -1.826 0.615
49.863 -1.826 1.028
49.888 -1.870 1.416
49.913 -1.804 1.805
49.938 -1.848 2.291
49.963 -1.848 2.631
49.988 -1.759 3.045
50.013 -1.737 3.385
50.038 -1.693 3.725
50.063 -1.648 4.041
50.088 -1.604 4.332
50.113 -1.471 4.624
50.138 -1.404 4.794
50.163 -1.337 5.013
50.188 -1.249 5.134
50.213 -1.115 5.280
50.238 -1.027 5.353
50.263 -0.916 5.426
50.288 -0.782 5.377
50.313 -0.694 5.304
50.338 -0.538 5.207
50.363 -0.449 5.061
50.388 -0.361 4.891
50.413 -0.205 4.746
50.438 -0.161 4.478
50.463 -0.028 4.235
50.488 0.039 3.944
50.513 0.128 3.676
50.538 0.150 3.312
50.563 0.239 2.899
50.588 0.305 2.534
50.613 0.350 2.145
50.638 0.394 1.781
50.663 0.394 1.392
50.695 0.416 1.003
50.721 0.372 0.542
50.746 0.350 0.153
50.771 0.239 -0.163
50.796 0.239 -0.527
50.821 0.172 -0.795
50.846 0.017 -1.111
50.871 -0.094 -1.305
50.896 -0.227 -1.548
50.921 -0.272 -1.694
50.946 -0.405 -1.888
50.971 -0.516 -1.985
50.996 -0.671 -2.083
51.021 -0.805 -2.180
51.046 -0.938 -2.156
51.071 -1.071 -2.131
51.096 -1.249 -2.107
51.121 -1.360 -1.937
51.146 -1.471 -1.815
51.171 -1.626 -1.597
51.196 -1.781 -1.427
51.221 -1.915 -1.184
51.246 -2.003 -0.989
51.271 -2.070 -0.698
51.296 -2.203 -0.406
51.321 -2.292 -0.017
51.346 -2.336 0.250
51.371 -2.403 0.615
51.396 -2.403 0.955
51.421 -2.447 1.344
51.446 -2.447 1.659
51.471 -2.492 2.024
51.496 -2.425 2.316
51.521 -2.403 2.704
51.546 -2.359 2.972
51.571 -2.292 3.288
51.596 -2.114 3.531
51.621 -2.026 3.774
51.646 -1.892 3.992
51.671 -1.759 4.187
51.696 -1.648 4.357
51.721 -1.493 4.454
51.746 -1.315 4.600
51.771 -1.182 4.648
51.796 -0.960 4.673
51.821 -0.805 4.697
51.846 -0.671 4.648
51.871 -0.449 4.575
51.896 -0.227 4.454
51.921 -0.094 4.332
51.946 0.061 4.211
51.971 0.172 3.992
51.996 0.328 3.822
52.021 0.461 3.579
52.046 0.572 3.288
52.071 0.661 3.045
52.096 0.772 2.777
52.121 0.838 2.461
52.146 0.905 2.145
52.171 0.927 1.878
52.196 0.994 1.587
52.221 0.949 1.271
52.246 0.971 0.930
52.271 0.860 0.639
52.296 0.838 0.299
52.321 0.749 0.056
52.346 0.661 -0.212
52.371 0.505 -0.357
52.396 0.416 -0.552
52.421 0.217 -0.746
52.446 0.128 -0.916
52.471 -0.072 -1.062
52.496 -0.272 -1.184
52.521 -0.449 -1.281
52.546 -0.649 -1.329
52.571 -0.871 -1.354
52.596 -1.049 -1.354
52.621 -1.249 -1.281
52.646 -1.448 -1.232
52.671 -1.604 -1.086
52.696 -1.804 -1.013
52.721 -2.003 -0.892
52.746 -2.159 -0.722
52.771 -2.292 -0.479
52.796 -2.403 -0.309
52.821 -2.581 -0.090
52.846 -2.669 0.129
52.871 -2.780 0.396
52.896 -2.891 0.590
52.921 -2.936 0.906
52.946 -2.958 1.125
52.971 -2.936 1.416
52.996 -2.914 1.659
53.021 -2.914 1.927
53.046 -2.869 2.121
53.071 -2.758 2.364
53.096 -2.692 2.583
53.121 -2.603 2.802
53.146 -2.403 2.972
53.171 -2.292 3.142
53.196 -2.137 3.288
53.221 -2.003 3.433
53.246 -1.781 3.579
53.271 -1.537 3.652
53.296 -1.382 3.676
53.321 -1.138 3.725
53.346 -0.916 3.774
53.371 -0.694 3.774
53.396 -0.472 3.725
53.421 -0.250 3.628
53.446 -0.028 3.531
53.471 0.172 3.409
53.496 0.394 3.336
53.521 0.572 3.239
53.546 0.749 3.045
53.571 0.838 2.850
53.596 1.016 2.680
53.621 1.127 2.559
53.646 1.238 2.291
53.671 1.349 2.121
53.696 1.349 1.927
53.721 1.393 1.732
53.746 1.393 1.514
53.771 1.371 1.271
53.796 1.371 1.076
53.821 1.304 0.930
53.846 1.216 0.712
53.871 1.038 0.517
53.896 0.927 0.372
53.921 0.749 0.226
53.946 0.661 0.104
53.971 0.394 0.031
53.996 0.261 -0.090
54.021 0.039 -0.139
54.046 -0.227 -0.236
54.071 -0.449 -0.212
54.096 -0.627 -0.284
54.121 -0.916 -0.333
54.146 -1.115 -0.309
54.171 -1.382 -0.236
54.196 -1.604 -0.187
54.221 -1.848 -0.139
54.246 -2.092 -0.041
54.271 -2.314 0.056
54.296 -2.470 0.080
54.321 -2.647 0.274
54.346 -2.758 0.396
54.371 -2.914 0.493
54.396 -3.025 0.736
54.421 -3.113 0.882
54.446 -3.202 0.979
54.471 -3.247 1.149
54.496 -3.269 1.271
54.521 -3.269 1.441
54.546 -3.269 1.587
54.571 -3.224 1.708
54.596 -3.091 1.854
54.621 -3.047 1.975
54.646 -2.958 2.073
54.671 -2.803 2.218
54.696 -2.603 2.267
54.721 -2.447 2.364
54.746 -2.270 2.461
54.771 -2.048 2.534
54.796 -1.781 2.510
54.821 -1.582 2.583
54.846 -1.293 2.631
54.871 -1.027 2.656
54.896 -0.782 2.680
54.921 -0.538 2.631
54.946 -0.316 2.583
54.971 -0.072 2.486
54.996 0.194 2.510
55.021 0.416 2.486
55.046 0.594 2.389
55.071 0.772 2.340
55.096 0.994 2.218
55.121 1.171 2.170
55.146 1.282 2.073
55.171 1.460 1.927
55.196 1.549 1.927
55.225 1.637 1.830
55.250 1.660 1.659
55.277 1.637 1.611
55.302 1.637 1.538
55.327 1.660 1.416
55.352 1.549 1.319
55.377 1.460 1.271
55.402 1.282 1.149
55.427 1.171 1.149
55.452 1.060 1.149
55.487 0.816 1.003
55.512 0.572 0.930
55.537 0.328 0.930
55.562 0.106 0.930
55.587 -0.139 0.882
55.612 -0.405 0.930
55.637 -0.649 0.858
55.662 -0.982 0.858
55.687 -1.204 0.858
55.712 -1.448 0.906
55.737 -1.693 0.930
55.762 -1.915 0.955
55.787 -2.114 1.003
55.812 -2.359 1.028
55.837 -2.603 1.003
55.862 -2.780 1.101
55.887 -2.958 1.101
55.912 -3.136 1.149
55.937 -3.224 1.222
55.962 -3.313 1.198
55.987 -3.358 1.246
56.012 -3.402 1.246
56.037 -3.380 1.344
56.062 -3.446 1.392
56.087 -3.380 1.344
56.112 -3.291 1.344
56.137 -3.224 1.465
56.162 -3.158 1.465
56.187 -3.047 1.416
56.212 -2.803 1.465
56.237 -2.647 1.441
56.262 -2.470 1.465
56.287 -2.270 1.416
56.312 -2.048 1.416
56.337 -1.804 1.441
56.362 -1.515 1.441
56.387 -1.315 1.368
56.412 -1.071 1.392
56.447 -0.716 1.416
56.472 -0.427 1.392
56.497 -0.161 1.441
56.522 0.039 1.368
56.547 0.283 1.368
56.572 0.550 1.416
56.597 0.794 1.416
56.622 0.994 1.392
56.647 1.105 1.441
56.672 1.282 1.465
56.697 1.393 1.441
56.722 1.549 1.538
56.747 1.615 1.489
56.772 1.615 1.538
56.797 1.704 1.562
56.822 1.704 1.635
56.847 1.682 1.635
56.872 1.660 1.684
56.897 1.549 1.708
56.922 1.460 1.732
56.947 1.327 1.805
56.972 1.127 1.830
56.997 0.971 1.902
57.022 0.794 1.951
57.047 0.572 1.927
57.072 0.350 2.024
57.097 0.172 2.048
57.122 -0.094 2.048
57.147 -0.361 2.073
57.172 -0.649 2.121
57.197 -0.938 2.097
57.222 -1.160 2.024
57.247 -1.471 2.073
57.272 -1.693 2.097
57.297 -1.915 2.073
57.322 -2.159 2.024
57.347 -2.359 1.975
57.372 -2.536 1.902
57.397 -2.714 1.902
57.422 -2.847 1.805
57.447 -2.958 1.781
57.472 -3.113 1.757
57.497 -3.247 1.635
57.522 -3.202 1.538
57.547 -3.291 1.441
57.572 -3.358 1.344
57.597 -3.380 1.246
57.622 -3.291 1.149
57.647 -3.202 1.052
57.672 -3.158 0.930
57.697 -3.047 0.833
57.722 -2.958 0.785
57.747 -2.825 0.615
57.772 -2.625 0.542
57.797 -2.492 0.469
57.822 -2.270 0.420
57.859 -2.048 0.299
57.884 -1.759 0.323
57.909 -1.493 0.250
57.934 -1.249 0.250
57.959 -0.982 0.201
57.984 -0.738 0.226
58.009 -0.538 0.226
58.034 -0.227 0.250
58.059 0.039 0.299
58.084 0.239 0.347
58.109 0.483 0.396
58.134 0.638 0.493
58.159 0.860 0.615
58.184 0.971 0.712
58.209 1.171 0.809
58.234 1.193 0.955
58.259 1.304 1.076
58.284 1.415 1.222
58.309 1.504 1.368
58.334 1.526 1.538
58.359 1.571 1.684
58.384 1.482 1.781
58.409 1.438 1.902
58.434 1.349 2.097
58.459 1.282 2.218
58.484 1.127 2.389
58.509 0.971 2.534
58.534 0.794 2.631
58.559 0.661 2.753
58.584 0.505 2.947
58.609 0.283 3.045
58.634 -0.005 3.117
58.659 -0.183 3.166
58.684 -0.449 3.239
58.709 -0.671 3.263
58.734 -0.938 3.215
58.759 -1.160 3.312
58.784 -1.382 3.239
58.809 -1.582 3.117
58.834 -1.826 3.069
58.859 -2.026 3.045
58.884 -2.181 2.947
58.909 -2.336 2.802
58.934 -2.536 2.631
58.959 -2.647 2.559
58.984 -2.758 2.389
59.022 -2.891 2.121
59.047 -3.002 1.927
59.072 -3.047 1.732
59.097 -3.091 1.538
59.122 -3.025 1.295
59.147 -3.069 1.101
59.172 -3.002 0.858
59.197 -3.002 0.687
59.222 -2.891 0.420
59.247 -2.803 0.250
59.272 -2.714 0.080
59.297 -2.558 -0.041
59.322 -2.403 -0.236
59.347 -2.181 -0.406
59.372 -2.003 -0.503
59.397 -1.826 -0.600
59.422 -1.670 -0.746
59.447 -1.493 -0.819
59.472 -1.226 -0.868
59.497 -0.982 -0.819
59.522 -0.760 -0.892
59.547 -0.538 -0.868
59.572 -0.361 -0.795
59.597 -0.183 -0.722
59.622 0.083 -0.600
59.647 0.172 -0.455
59.672 0.416 -0.333
59.697 0.527 -0.139
59.722 0.683 -0.041
59.747 0.816 0.177
59.772 0.949 0.469
59.797 1.016 0.639
59.822 1.082 0.930
59.847 1.171 1.198
59.872 1.171 1.392
59.897 1.171 1.684
59.922 1.105 1.927
59.947 1.038 2.243
59.972 0.971 2.461
59.997 0.883 2.729
60.022 0.838 2.923
60.047 0.727 3.215
60.072 0.594 3.409
60.097 0.394 3.603
60.122 0.283 3.749
60.147 0.061 3.871
60.172 -0.139 4.017
60.197 -0.316 4.114
60.222 -0.538 4.211
60.247 -0.671 4.235
60.272 -0.893 4.211
60.297 -1.115 4.235
60.322 -1.226 4.138
60.347 -1.537 4.138
60.372 -1.670 4.017
60.397 -1.826 3.895
60.422 -1.959 3.749
60.447 -2.137 3.603
60.472 -2.203 3.385
60.497 -2.381 3.166
60.522 -2.425 2.899
60.547 -2.558 2.680
60.572 -2.558 2.364
60.597 -2.625 2.097
60.622 -2.603 1.854
60.647 -2.669 1.489
60.672 -2.625 1.173
60.697 -2.692 0.882
60.722 -2.558 0.542
60.747 -2.514 0.299
60.772 -2.470 -0.017
60.797 -2.425 -0.309
60.822 -2.270 -0.600
60.847 -2.181 -0.770
60.872 -2.026 -1.038
60.897 -1.892 -1.184
60.922 -1.693 -1.354
60.947 -1.537 -1.524
60.972 -1.337 -1.621
60.997 -1.204 -1.694
61.022 -1.004 -1.718
61.047 -0.893 -1.742
61.072 -0.760 -1.742
61.097 -0.560 -1.694
61.122 -0.383 -1.597
61.147 -0.272 -1.475
61.172 -0.050 -1.354
61.197 0.039 -1.159
61.222 0.150 -0.965
61.247 0.217 -0.673
61.272 0.416 -0.382
61.297 0.483 -0.139
61.322 0.439 0.153
61.347 0.527 0.445
61.372 0.616 0.785
61.397 0.572 1.101
61.422 0.638 1.416
61.447 0.616 1.805
61.472 0.594 2.145
61.497 0.505 2.510
61.522 0.461 2.777
61.547 0.416 3.190
61.572 0.328 3.433
61.597 0.194 3.774
61.622 0.083 3.992
61.647 -0.028 4.260
61.672 -0.161 4.430
61.697 -0.316 4.697
61.722 -0.383 4.770
61.747 -0.494 4.891
61.772 -0.716 4.916
61.797 -0.827 4.989
61.822 -0.960 4.989
61.847 -1.115 4.989
61.872 -1.204 4.916
61.897 -1.360 4.818
61.922 -1.426 4.673
61.947 -1.537 4.478
61.972 -1.626 4.308
61.997 -1.737 4.065
62.022 -1.826 3.822
62.047 -1.937 3.531
62.072 -1.959 3.166
62.097 -2.070 2.874
62.122 -2.026 2.461
62.147 -2.092 2.170
62.172 -2.092 1.781
62.197 -2.114 1.392
62.222 -2.070 0.979
62.247 -2.092 0.663
62.272 -2.048 0.226
62.297 -2.003 -0.114
62.322 -1.937 -0.479
62.347 -1.804 -0.746
62.372 -1.759 -1.062
62.397 -1.670 -1.354
62.422 -1.582 -1.621
62.447 -1.448 -1.767
62.472 -1.426 -2.010
62.497 -1.315 -2.107
62.522 -1.182 -2.301
62.547 -1.049 -2.301
62.572 -0.982 -2.423
62.597 -0.805 -2.423
62.622 -0.738 -2.326
62.647 -0.649 -2.204
62.672 -0.538 -2.156
62.697 -0.516 -1.961
62.722 -0.361 -1.767
62.747 -0.338 -1.548
62.772 -0.205 -1.256
62.797 -0.116 -0.941
62.822 -0.116 -0.625
62.847 -0.094 -0.309
62.872 -0.028 0.080
62.897 -0.050 0.396
62.922 -0.028 0.760
62.947 -0.005 1.173
62.972 -0.028 1.562
62.997 -0.050 2.024
63.022 -0.072 2.413
63.047 -0.139 2.802
63.072 -0.161 3.190
63.097 -0.250 3.531
63.122 -0.227 3.871
63.147 -0.272 4.187
63.172 -0.361 4.454
63.197 -0.449 4.746
63.222 -0.516 4.940
63.247 -0.583 5.159
63.272 -0.627 5.256
63.297 -0.738 5.402
63.322 -0.760 5.523
63.347 -0.827 5.523
63.372 -0.938 5.426
63.397 -0.982 5.475
63.422 -1.049 5.353
63.447 -1.160 5.207
63.472 -1.160 5.037
63.497 -1.226 4.818
63.522 -1.293 4.600
63.547 -1.271 4.308
63.572 -1.315 3.968
63.597 -1.382 3.579
63.622 -1.382 3.263
63.647 -1.426 2.850
63.672 -1.448 2.461
63.697 -1.404 2.024
63.722 -1.448 1.611
63.747 -1.404 1.222
63.772 -1.426 0.760
63.797 -1.360 0.396
63.822 -1.360 0.007
63.847 -1.337 -0.406
63.872 -1.315 -0.795
63.897 -1.293 -1.086
63.922 -1.226 -1.451
63.947 -1.204 -1.767
63.972 -1.115 -2.010
63.997 -1.093 -2.228
64.022 -1.049 -2.399
64.047 -1.027 -2.520
64.072 -1.004 -2.666
64.097 -0.916 -2.642
64.122 -0.938 -2.763
64.147 -0.893 -2.642
64.172 -0.916 -2.593
64.197 -0.849 -2.496
64.222 -0.805 -2.374
64.247 -0.716 -2.156
64.272 -0.782 -1.888
64.297 -0.805 -1.670
64.322 -0.760 -1.427
64.347 -0.716 -1.062
64.372 -0.671 -0.722
64.397 -0.716 -0.284
64.422 -0.671 0.104
64.447 -0.716 0.469
64.472 -0.694 0.882
64.497 -0.738 1.295
64.522 -0.738 1.732
64.547 -0.760 2.194
64.572 -0.760 2.607
64.597 -0.782 3.020
64.622 -0.871 3.385
64.647 -0.893 3.774
64.672 -0.871 4.138
64.697 -0.849 4.405
64.722 -0.893 4.697
64.747 -0.805 4.989
64.772 -0.871 5.207
64.797 -0.871 5.329
64.822 -0.871 5.523
64.847 -0.893 5.572
64.872 -0.871 5.645
64.897 -0.871 5.596
64.922 -0.916 5.572
64.947 -0.893 5.523
64.972 -0.893 5.426
64.997 -0.871 5.256
65.022 -0.805 5.061
65.047 -0.805 4.770
65.072 -0.827 4.503
65.097 -0.760 4.235
65.122 -0.805 3.895
65.147 -0.805 3.531
65.172 -0.760 3.166
65.197 -0.760 2.753
65.222 -0.738 2.364
65.247 -0.671 1.951
65.272 -0.694 1.538
65.297 -0.694 1.076
65.324 -0.649 0.663
65.349 -0.716 0.250
65.374 -0.671 -0.163
65.399 -0.694 -0.527
65.424 -0.694 -0.892
65.449 -0.694 -1.208
65.474 -0.716 -1.572
65.499 -0.760 -1.791
65.524 -0.782 -2.107
65.549 -0.827 -2.253
65.574 -0.871 -2.471
65.599 -0.849 -2.544
65.624 -0.827 -2.642
65.649 -0.938 -2.690
65.674 -0.960 -2.690
65.699 -0.982 -2.642
65.724 -1.027 -2.593
65.749 -1.049 -2.423
65.774 -1.138 -2.277
65.799 -1.115 -2.034
65.824 -1.160 -1.791
65.858 -1.226 -1.475
65.884 -1.249 -1.111
65.909 -1.315 -0.698
65.934 -1.315 -0.357
65.959 -1.404 0.031
65.984 -1.426 0.469
66.009 -1.426 0.882
66.034 -1.426 1.246
66.059 -1.493 1.635
66.084 -1.471 2.048
66.109 -1.448 2.486
66.134 -1.426 2.923
66.159 -1.426 3.312
66.184 -1.448 3.579
66.209 -1.360 3.968
66.234 -1.337 4.260
66.259 -1.315 4.551
66.284 -1.204 4.794
66.309 -1.204 5.013
66.334 -1.160 5.159
66.359 -1.115 5.256
66.384 -1.027 5.377
66.409 -0.916 5.402
66.434 -0.871 5.402
66.459 -0.760 5.426
66.484 -0.694 5.377
66.509 -0.605 5.207
66.534 -0.560 5.086
66.559 -0.516 4.867
66.584 -0.383 4.673
66.609 -0.338 4.381
66.634 -0.294 4.114
66.659 -0.227 3.871
66.684 -0.161 3.482
66.709 -0.116 3.117
66.734 -0.072 2.729
66.759 -0.050 2.364
66.784 -0.050 2.000
66.809 -0.028 1.587
66.834 -0.005 1.198
66.859 -0.050 0.760
66.884 -0.028 0.420
66.909 -0.028 0.031
66.934 -0.072 -0.333
66.959 -0.094 -0.698
66.984 -0.161 -0.965
67.009 -0.227 -1.256
67.034 -0.338 -1.572
67.059 -0.383 -1.767
67.084 -0.516 -1.937
67.109 -0.605 -2.107
67.134 -0.627 -2.180
67.159 -0.738 -2.277
67.184 -0.871 -2.326
67.209 -0.982 -2.326
67.234 -1.160 -2.253
67.259 -1.182 -2.228
67.284 -1.271 -2.107
67.309 -1.404 -1.985
67.334 -1.493 -1.791
67.359 -1.604 -1.572
67.384 -1.670 -1.281
67.409 -1.737 -1.086
67.434 -1.826 -0.770
67.459 -1.892 -0.406
67.484 -1.959 -0.041
67.509 -2.048 0.250
67.534 -2.159 0.615
67.559 -2.114 0.979
67.584 -2.114 1.392
67.609 -2.070 1.757
67.634 -2.114 2.145
67.659 -2.070 2.510
67.684 -2.003 2.874
67.709 -1.981 3.190
67.734 -1.937 3.506
67.759 -1.870 3.798
67.784 -1.737 4.041
67.809 -1.648 4.284
67.834 -1.604 4.527
67.859 -1.471 4.600
67.884 -1.360 4.746
67.909 -1.160 4.794
67.934 -1.004 4.916
67.959 -0.893 4.940
67.984 -0.760 4.916
68.009 -0.716 4.891
68.034 -0.560 4.794
68.059 -0.383 4.648
68.084 -0.250 4.551
68.109 -0.050 4.381
68.134 -0.005 4.162
68.159 0.128 3.871
68.184 0.172 3.652
68.209 0.305 3.409
68.234 0.394 3.117
68.259 0.505 2.826
68.284 0.550 2.510
68.309 0.594 2.121
68.334 0.594 1.830
68.359 0.638 1.441
68.384 0.594 1.125
68.409 0.594 0.785
68.434 0.572 0.517
68.459 0.505 0.201
68.484 0.394 -0.090
68.509 0.305 -0.430
68.534 0.172 -0.625
68.559 0.128 -0.941
68.584 -0.005 -1.111
68.609 -0.139 -1.232
68.634 -0.361 -1.378
68.659 -0.427 -1.475
68.684 -0.583 -1.572
68.709 -0.738 -1.645
68.734 -0.893 -1.621
68.759 -1.071 -1.645
68.784 -1.249 -1.548
68.809 -1.448 -1.524
68.834 -1.537 -1.402
68.859 -1.737 -1.281
68.884 -1.848 -1.111
68.909 -2.026 -0.941
68.934 -2.159 -0.746
68.959 -2.270 -0.479
68.984 -2.359 -0.236
69.009 -2.492 -0.041
69.034 -2.536 0.274
69.059 -2.603 0.542
69.084 -2.603 0.930
69.109 -2.669 1.173
69.134 -2.692 1.489
69.159 -2.625 1.757
69.184 -2.603 2.145
69.209 -2.536 2.364
69.234 -2.558 2.607
69.259 -2.425 2.874
69.284 -2.314 3.117
69.309 -2.203 3.312
69.334 -2.070 3.531
69.359 -1.915 3.676
69.384 -1.804 3.871
69.409 -1.604 3.944
69.434 -1.426 4.017
69.459 -1.226 4.114
69.484 -1.049 4.138
69.509 -0.805 4.162
69.534 -0.649 4.162
69.559 -0.516 4.114
69.584 -0.294 4.065
69.609 -0.116 3.944
69.634 0.039 3.822
69.659 0.261 3.652
69.684 0.372 3.506
69.709 0.550 3.312
69.734 0.705 3.093
69.759 0.816 2.826
69.784 0.949 2.680
69.809 0.994 2.413
69.834 1.038 2.145
69.859 1.105 1.902
69.884 1.105 1.659
69.909 1.127 1.416
69.934 1.082 1.173
69.959 1.082 0.906
69.984 1.016 0.712
70.009 0.883 0.469
70.034 0.749 0.274
70.059 0.661 0.080
70.084 0.527 -0.066
70.109 0.505 -0.236
70.134 0.239 -0.406
70.159 0.039 -0.527
70.184 -0.205 -0.600
70.209 -0.338 -0.649
70.234 -0.560 -0.722
70.259 -0.782 -0.722
70.284 -1.004 -0.722
70.309 -1.182 -0.770
70.334 -1.404 -0.673
70.359 -1.626 -0.649
70.384 -1.804 -0.576
70.409 -1.981 -0.479
70.434 -2.137 -0.284
70.459 -2.314 -0.163
70.484 -2.558 0.007
70.509 -2.647 0.153
70.534 -2.803 0.347
70.559 -2.847 0.517
70.584 -2.936 0.687
70.609 -2.980 0.858
70.634 -3.047 1.052
70.659 -3.047 1.295
70.684 -3.069 1.465
70.709 -2.980 1.684
70.734 -2.958 1.878
70.759 -2.869 2.024
70.784 -2.780 2.267
70.809 -2.669 2.364
70.834 -2.558 2.510
70.859 -2.470 2.656
70.884 -2.248 2.802
70.909 -2.048 2.899
70.934 -1.826 2.996
70.959 -1.626 3.069
70.984 -1.426 3.093
71.009 -1.182 3.142
71.034 -0.960 3.166
71.059 -0.760 3.117
71.084 -0.494 3.142
71.109 -0.316 3.117
71.134 -0.050 3.020
71.159 0.128 2.947
71.184 0.328 2.899
71.209 0.572 2.850
71.234 0.794 2.729
71.259 0.838 2.559
71.284 1.038 2.486
71.309 1.171 2.291
71.334 1.282 2.145
71.359 1.393 2.024
71.384 1.460 1.902
71.409 1.460 1.732
71.434 1.438 1.587
71.459 1.415 1.465
71.484 1.393 1.319
71.509 1.304 1.222
71.534 1.304 1.003
71.559 1.149 0.955
71.584 0.994 0.809
71.609 0.860 0.663
71.634 0.705 0.615
71.659 0.505 0.566
71.684 0.328 0.469
71.709 0.083 0.420
71.734 -0.116 0.372
71.759 -0.338 0.323
71.784 -0.538 0.274
71.809 -0.782 0.299
71.834 -1.071 0.372
71.859 -1.293 0.420
71.884 -1.515 0.372
71.909 -1.759 0.372
71.934 -2.003 0.445
71.959 -2.225 0.493
71.984 -2.425 0.542
72.009 -2.603 0.639
72.034 -2.714 0.663
72.059 -2.869 0.760
72.084 -3.025 0.906
72.109 -3.136 0.979
72.134 -3.224 1.052
72.159 -3.247 1.149
72.184 -3.269 1.198
72.209 -3.313 1.368
72.234 -3.247 1.392
72.259 -3.180 1.538
72.284 -3.158 1.587
72.309 -3.069 1.684
72.334 -2.936 1.708
72.359 -2.803 1.805
72.384 -2.603 1.878
72.409 -2.514 1.878
72.434 -2.292 1.902
72.459 -2.092 1.951
72.484 -1.804 1.902
72.509 -1.604 2.000
72.534 -1.360 2.048
72.559 -1.160 2.024
72.584 -0.916 2.000
72.609 -0.627 2.048
72.634 -0.427 2.024
72.659 -0.161 1.975
72.684 0.039 2.000
72.709 0.283 1.951
72.734 0.505 1.830
72.759 0.683 1.854
72.784 0.905 1.805
72.809 1.082 1.830
72.834 1.216 1.757
72.859 1.327 1.757
72.884 1.482 1.684
72.909 1.571 1.635
72.934 1.571 1.659
72.959 1.593 1.659
72.984 1.637 1.587
73.009 1.526 1.587
73.034 1.526 1.489
73.059 1.415 1.538
73.084 1.327 1.514
73.109 1.216 1.538
73.134 1.038 1.514
73.159 0.860 1.489
73.184 0.638 1.441
73.209 0.505 1.538
73.234 0.328 1.489
73.259 0.039 1.514
73.284 -0.161 1.489
73.309 -0.449 1.465
73.334 -0.716 1.465
73.359 -0.916 1.489
73.384 -1.160 1.514
73.409 -1.426 1.465
73.434 -1.648 1.489
73.459 -1.892 1.514
73.484 -2.114 1.465
73.509 -2.359 1.489
73.534 -2.581 1.416
73.559 -2.780 1.441
73.584 -2.891 1.465
73.609 -3.002 1.441
73.634 -3.158 1.441
73.659 -3.180 1.392
73.684 -3.247 1.319
73.709 -3.380 1.392
73.734 -3.291 1.271
73.759 -3.313 1.271
73.784 -3.313 1.271
73.809 -3.247 1.222
73.834 -3.158 1.173
73.859 -3.047 1.149
73.884 -2.869 1.125
73.909 -2.758 1.101
73.934 -2.581 1.028
73.959 -2.425 0.979
73.984 -2.203 0.930
74.009 -1.981 0.906
74.034 -1.804 0.858
74.059 -1.493 0.906
74.084 -1.293 0.882
74.109 -1.071 0.858
74.134 -0.782 0.882
74.159 -0.583 0.882
74.184 -0.183 0.882
74.209 -0.028 0.882
74.234 0.150 0.930
74.259 0.350 0.906
74.284 0.594 0.979
74.309 0.705 1.052
74.334 0.905 1.052
74.359 1.060 1.173
74.384 1.216 1.173
74.409 1.327 1.319
74.434 1.438 1.392
74.459 1.504 1.465
74.484 1.504 1.538
74.509 1.482 1.635
74.534 1.526 1.708
74.559 1.438 1.854
74.584 1.393 1.878
74.609 1.304 2.000
74.634 1.216 2.073
74.659 1.082 2.145
74.684 0.905 2.291
74.709 0.749 2.340
74.734 0.505 2.364
74.759 0.305 2.461
74.784 0.150 2.510
74.809 -0.094 2.510
74.834 -0.294 2.583
74.859 -0.605 2.631
74.884 -0.805 2.680
74.909 -1.071 2.607
74.934 -1.293 2.631
74.959 -1.559 2.607
74.984 -1.781 2.559
75.009 -1.981 2.510
75.034 -2.159 2.461
75.059 -2.403 2.413
75.084 -2.581 2.291
75.109 -2.714 2.194
75.134 -2.825 2.048
75.159 -2.980 1.951
75.184 -3.025 1.830
75.209 -3.136 1.732
75.234 -3.113 1.587
75.259 -3.224 1.441
75.284 -3.180 1.295
75.309 -3.158 1.101
75.334 -3.136 0.930
75.359 -3.069 0.809
75.384 -2.958 0.687
75.409 -2.869 0.542
75.434 -2.692 0.445
75.459 -2.603 0.323
75.484 -2.381 0.153
75.509 -2.225 0.031
75.534 -2.026 -0.041
75.559 -1.870 -0.066
75.584 -1.626 -0.187
75.609 -1.426 -0.236
75.634 -1.160 -0.260
75.659 -0.960 -0.236
75.684 -0.738 -0.260
75.709 -0.516 -0.236
75.734 -0.361 -0.163
75.759 -0.028 -0.114
75.784 0.150 -0.017
75.809 0.394 0.031
75.834 0.527 0.153
75.859 0.638 0.323
75.884 0.816 0.420
75.909 0.905 0.590
75.934 1.082 0.736
75.959 1.127 0.955
75.984 1.238 1.101
76.009 1.260 1.295
76.034 1.304 1.538
76.059 1.282 1.732
76.084 1.260 1.878
76.109 1.238 2.097
76.134 1.216 2.340
76.159 1.082 2.534
76.184 0.949 2.729
76.209 0.727 2.874
76.234 0.638 2.996
76.259 0.483 3.142
76.284 0.261 3.263
76.309 0.128 3.433
76.334 -0.028 3.506
76.359 -0.316 3.603
76.384 -0.516 3.628
76.409 -0.738 3.725
76.434 -0.938 3.676
76.459 -1.115 3.676
76.484 -1.293 3.676
76.509 -1.493 3.603
76.534 -1.648 3.482
76.559 -1.870 3.385
76.584 -2.048 3.190
76.609 -2.248 3.142
76.634 -2.359 2.947
76.659 -2.492 2.777
76.684 -2.558 2.534
76.709 -2.647 2.389
76.734 -2.736 2.170
76.759 -2.825 1.951
76.784 -2.825 1.659
76.809 -2.780 1.368
76.834 -2.758 1.173
76.859 -2.758 0.906
76.884 -2.714 0.615
76.909 -2.714 0.372
76.934 -2.558 0.177
76.959 -2.536 -0.041
76.984 -2.381 -0.260
77.009 -2.248 -0.455
77.034 -2.092 -0.600
77.059 -1.937 -0.770
77.084 -1.826 -0.941
77.109 -1.670 -1.038
77.134 -1.426 -1.159
77.159 -1.249 -1.232
77.184 -1.049 -1.208
77.209 -0.849 -1.232
77.234 -0.649 -1.208
77.259 -0.472 -1.111
77.284 -0.294 -1.062
77.309 -0.116 -0.965
77.334 0.061 -0.868
77.359 0.128 -0.673
77.384 0.305 -0.503
77.409 0.439 -0.284
77.434 0.572 -0.066
77.459 0.661 0.153
77.484 0.705 0.396
77.509 0.772 0.663
77.534 0.816 0.955
77.559 0.816 1.271
77.584 0.860 1.611
77.609 0.816 1.902
77.634 0.816 2.145
77.659 0.705 2.461
77.684 0.683 2.777
77.709 0.616 3.045
77.734 0.505 3.239
77.759 0.328 3.482
77.784 0.261 3.725
77.809 0.128 3.895
77.834 0.017 4.090
77.859 -0.183 4.211
77.884 -0.338 4.332
77.909 -0.494 4.454
77.934 -0.649 4.503
77.959 -0.782 4.575
77.984 -0.982 4.551
78.009 -1.138 4.478
78.034 -1.204 4.430
78.059 -1.448 4.308
78.084 -1.604 4.187
78.109 -1.737 4.114
78.134 -1.870 3.871
78.159 -1.981 3.676
78.184 -2.003 3.458
78.209 -2.137 3.190
78.234 -2.203 2.850
78.259 -2.248 2.607
78.284 -2.270 2.291
78.309 -2.359 1.975
78.334 -2.336 1.635
78.359 -2.359 1.295
78.384 -2.336 0.979
78.409 -2.314 0.639
78.434 -2.225 0.347
78.459 -2.137 0.031
78.484 -2.137 -0.284
78.509 -2.026 -0.600
78.534 -1.937 -0.892
78.559 -1.848 -1.062
78.584 -1.715 -1.281
78.609 -1.626 -1.475
78.634 -1.493 -1.694
78.659 -1.337 -1.815
78.684 -1.204 -1.913
78.709 -1.071 -1.937
78.734 -0.960 -2.010
78.759 -0.849 -1.937
78.784 -0.694 -1.961
78.809 -0.538 -1.864
78.834 -0.427 -1.718
78.859 -0.361 -1.524
78.884 -0.205 -1.378
78.909 -0.094 -1.159
78.934 0.017 -0.892
78.959 0.017 -0.649
78.984 0.128 -0.382
79.009 0.172 -0.041
79.034 0.239 0.250
79.059 0.239 0.615
79.084 0.283 0.955
79.109 0.305 1.319
79.134 0.305 1.732
79.159 0.261 2.024
79.184 0.194 2.364
79.209 0.194 2.777
79.234 0.172 3.117
79.259 0.061 3.433
79.284 0.039 3.701
79.309 -0.050 4.017
79.334 -0.139 4.260
79.359 -0.250 4.503
79.384 -0.405 4.697
79.409 -0.494 4.891
79.434 -0.516 4.964
79.459 -0.694 5.086
79.484 -0.738 5.134
79.509 -0.827 5.159
79.534 -0.938 5.183
79.559 -1.093 5.061
79.584 -1.182 4.964
79.609 -1.249 4.843
79.634 -1.337 4.624
79.659 -1.360 4.430
79.684 -1.471 4.187
79.709 -1.537 3.968
79.734 -1.604 3.701
79.759 -1.604 3.385
79.784 -1.626 3.020
79.809 -1.693 2.680
79.834 -1.759 2.316
79.859 -1.715 1.927
79.884 -1.737 1.587
79.909 -1.737 1.198
79.934 -1.693 0.785
79.959 -1.670 0.396
79.984 -1.648 -0.041
80.009 -1.582 -0.357
80.034 -1.582 -0.673
80.059 -1.515 -1.013
80.084 -1.493 -1.256
80.109 -1.426 -1.572
80.134 -1.360 -1.791
80.159 -1.249 -1.961
80.184 -1.182 -2.131
80.209 -1.093 -2.277
80.234 -1.071 -2.326
80.259 -0.982 -2.423
80.284 -0.938 -2.399
80.309 -0.805 -2.374
80.334 -0.805 -2.374
80.359 -0.716 -2.253
80.384 -0.694 -2.034
80.409 -0.627 -1.864
80.434 -0.560 -1.645
80.459 -0.494 -1.402
80.484 -0.494 -1.159
80.509 -0.449 -0.868
80.534 -0.405 -0.503
80.559 -0.427 -0.139
80.584 -0.405 0.250
80.609 -0.405 0.639
80.634 -0.405 0.979
80.659 -0.383 1.416
80.684 -0.338 1.830
80.709 -0.427 2.267
80.734 -0.383 2.680
80.759 -0.427 2.972
80.784 -0.472 3.385
80.809 -0.516 3.701
80.834 -0.605 4.065
80.859 -0.605 4.357
80.884 -0.649 4.551
80.909 -0.605 4.818
80.934 -0.671 5.037
80.959 -0.760 5.183
80.984 -0.827 5.353
81.009 -0.849 5.402
81.034 -0.805 5.450
81.059 -0.827 5.426
81.084 -0.893 5.426
81.109 -0.960 5.329
81.134 -0.982 5.207
81.159 -1.004 5.037
81.184 -1.071 4.843
81.209 -1.027 4.648
81.234 -1.071 4.381
81.259 -1.049 4.017
81.284 -1.071 3.725
81.309 -1.027 3.433
81.334 -1.071 3.020
81.359 -1.071 2.631
81.384 -1.115 2.267
81.409 -1.071 1.854
81.434 -1.093 1.416
81.459 -1.071 0.930
81.484 -1.071 0.590
81.509 -1.004 0.201
81.534 -1.027 -0.114
81.559 -1.027 -0.527
81.584 -0.938 -0.843
81.609 -0.938 -1.184
81.634 -0.960 -1.427
81.659 -0.982 -1.791
81.684 -1.027 -2.034
81.709 -0.982 -2.228
81.734 -0.982 -2.399
81.759 -0.938 -2.496
81.784 -0.916 -2.520
81.809 -0.893 -2.569
81.834 -0.893 -2.569
81.859 -0.916 -2.544
81.884 -0.938 -2.399
81.909 -0.982 -2.301
81.934 -0.982 -2.156
81.959 -0.982 -1.937
81.984 -1.004 -1.670
82.009 -0.982 -1.451
82.034 -1.004 -1.086
82.059 -0.960 -0.795
82.084 -1.049 -0.430
82.109 -1.004 -0.041
82.134 -1.071 0.323
82.159 -1.093 0.712
82.184 -1.071 1.125
82.209 -1.049 1.514
82.234 -1.049 1.951
82.259 -1.093 2.413
82.284 -1.071 2.802
82.309 -1.093 3.166
82.334 -1.115 3.506
82.359 -1.027 3.822
82.384 -1.093 4.162
82.409 -1.093 4.478
82.434 -1.049 4.697
82.459 -0.982 4.916
82.484 -0.982 5.086
82.509 -0.982 5.232
82.534 -1.004 5.353
82.559 -0.916 5.402
82.584 -0.893 5.426
82.609 -0.827 5.450
82.634 -0.827 5.353
82.659 -0.738 5.256
82.684 -0.716 5.134
