schwebung 39.2cm
0.025 -1.448 4.600
0.050 -0.738 4.260
0.083 -0.316 4.065
0.108 -0.050 3.919
0.133 0.150 3.798
0.158 0.461 3.628
0.183 0.616 3.409
0.208 0.860 3.215
0.233 1.082 2.996
0.258 1.216 2.826
0.283 1.371 2.583
0.308 1.460 2.364
0.333 1.526 2.121
0.358 1.571 1.878
0.383 1.615 1.659
0.408 1.593 1.465
0.433 1.593 1.222
0.458 1.526 1.052
0.483 1.438 0.882
0.508 1.304 0.760
0.533 1.127 0.639
0.558 0.905 0.493
0.583 0.705 0.420
0.608 0.483 0.323
0.633 0.261 0.226
0.658 -0.028 0.226
0.683 -0.272 0.201
0.708 -0.538 0.177
0.733 -0.805 0.201
0.758 -1.138 0.250
0.783 -1.337 0.201
0.808 -1.715 0.299
0.833 -1.937 0.372
0.858 -2.203 0.469
0.883 -2.425 0.615
0.908 -2.669 0.760
0.933 -2.891 0.858
0.958 -3.091 1.003
0.983 -3.313 1.149
1.008 -3.446 1.271
1.033 -3.557 1.392
1.058 -3.668 1.489
1.083 -3.691 1.587
1.108 -3.802 1.732
1.133 -3.735 1.781
1.158 -3.757 1.878
1.183 -3.646 1.951
1.208 -3.602 1.975
1.233 -3.469 2.024
1.258 -3.358 2.097
1.283 -3.136 2.145
1.308 -2.980 2.194
1.333 -2.780 2.218
1.358 -2.536 2.170
1.383 -2.225 2.170
1.408 -1.959 2.194
1.433 -1.715 2.121
1.458 -1.382 2.097
1.483 -1.049 2.048
1.508 -0.849 2.000
1.533 -0.472 1.927
1.558 -0.227 1.902
1.583 0.083 1.878
1.608 0.372 1.854
1.633 0.661 1.732
1.658 0.883 1.757
1.683 1.082 1.732
1.708 1.260 1.708
1.733 1.438 1.611
1.758 1.615 1.635
1.783 1.726 1.659
1.808 1.771 1.708
1.833 1.815 1.708
1.858 1.793 1.684
1.883 1.859 1.708
1.908 1.837 1.830
1.933 1.771 1.830
1.958 1.593 1.902
1.983 1.482 1.951
2.008 1.327 2.000
2.033 1.171 2.048
2.058 0.883 2.121
2.083 0.638 2.243
2.108 0.372 2.316
2.133 0.083 2.413
2.158 -0.183 2.486
2.183 -0.449 2.486
2.208 -0.827 2.534
2.233 -1.049 2.583
2.258 -1.360 2.631
2.283 -1.648 2.631
2.308 -1.915 2.656
2.333 -2.159 2.656
2.358 -2.425 2.656
2.383 -2.669 2.559
2.408 -2.914 2.510
2.433 -3.047 2.510
2.458 -3.247 2.437
2.483 -3.380 2.316
2.508 -3.535 2.243
2.533 -3.602 2.097
2.558 -3.646 2.000
2.583 -3.757 1.854
2.608 -3.713 1.684
2.633 -3.624 1.489
2.658 -3.602 1.368
2.683 -3.513 1.222
2.708 -3.402 1.028
2.733 -3.247 0.833
2.758 -3.091 0.663
2.783 -2.869 0.469
2.808 -2.692 0.347
2.833 -2.425 0.201
2.858 -2.181 0.104
2.883 -1.937 0.007
2.908 -1.737 -0.139
2.933 -1.426 -0.236
2.958 -1.160 -0.236
2.983 -0.871 -0.357
3.008 -0.627 -0.333
3.033 -0.383 -0.284
3.058 -0.139 -0.284
3.083 0.194 -0.260
3.108 0.372 -0.139
3.133 0.572 -0.017
3.158 0.749 0.153
3.183 0.905 0.274
3.208 1.060 0.445
3.233 1.216 0.615
3.258 1.238 0.858
3.283 1.349 1.125
3.308 1.415 1.368
3.333 1.415 1.611
3.358 1.393 1.927
3.383 1.371 2.170
3.408 1.238 2.461
3.433 1.149 2.753
3.458 0.994 2.996
3.483 0.860 3.215
3.508 0.749 3.506
3.533 0.550 3.676
3.558 0.350 3.944
3.583 0.150 4.138
3.608 -0.028 4.332
3.633 -0.316 4.405
3.658 -0.538 4.551
3.683 -0.760 4.673
3.708 -0.982 4.746
3.733 -1.204 4.721
3.758 -1.448 4.794
3.783 -1.648 4.648
3.808 -1.937 4.600
3.833 -2.048 4.454
3.858 -2.270 4.332
3.883 -2.403 4.162
3.908 -2.558 3.944
3.933 -2.669 3.725
3.958 -2.780 3.433
3.983 -2.825 3.142
4.008 -2.914 2.850
4.033 -2.958 2.486
4.058 -2.958 2.170
4.083 -2.936 1.732
4.108 -2.914 1.344
4.133 -2.869 0.930
4.158 -2.780 0.615
4.183 -2.669 0.274
4.208 -2.647 -0.041
4.233 -2.447 -0.382
4.258 -2.314 -0.698
4.283 -2.225 -1.013
4.308 -2.048 -1.256
4.333 -1.826 -1.499
4.358 -1.693 -1.670
4.383 -1.559 -1.864
4.408 -1.337 -1.985
4.433 -1.160 -2.058
4.458 -0.960 -2.131
4.483 -0.805 -2.107
4.508 -0.671 -2.010
4.533 -0.494 -1.913
4.558 -0.338 -1.767
4.583 -0.205 -1.621
4.608 -0.072 -1.402
4.633 0.039 -1.159
4.658 0.128 -0.843
4.683 0.239 -0.552
4.708 0.239 -0.187
4.733 0.305 0.153
4.758 0.328 0.542
4.783 0.350 0.955
4.808 0.328 1.392
4.833 0.328 1.805
4.858 0.328 2.267
4.883 0.261 2.729
4.908 0.172 3.142
4.933 0.150 3.579
4.958 0.083 3.968
4.983 -0.072 4.308
5.008 -0.227 4.673
5.033 -0.294 4.989
5.058 -0.405 5.280
5.083 -0.516 5.499
5.108 -0.671 5.718
5.133 -0.760 5.888
5.158 -0.893 6.009
5.183 -0.982 6.058
5.208 -1.115 6.082
5.233 -1.204 6.034
5.258 -1.315 5.985
5.283 -1.382 5.888
5.308 -1.515 5.669
5.333 -1.582 5.402
5.358 -1.604 5.159
5.383 -1.670 4.891
5.408 -1.715 4.575
5.433 -1.670 4.138
5.458 -1.737 3.774
5.483 -1.759 3.288
5.508 -1.781 2.826
5.533 -1.737 2.316
5.558 -1.759 1.902
5.583 -1.693 1.392
5.608 -1.670 0.930
5.633 -1.604 0.420
5.658 -1.582 -0.017
5.683 -1.537 -0.455
5.708 -1.448 -0.892
5.733 -1.382 -1.305
5.758 -1.315 -1.572
5.783 -1.293 -1.888
5.808 -1.271 -2.253
5.833 -1.160 -2.496
5.858 -1.160 -2.642
5.883 -1.115 -2.812
5.908 -1.027 -2.909
5.933 -1.004 -2.982
5.958 -0.916 -2.909
5.983 -0.893 -2.860
6.008 -0.871 -2.739
6.033 -0.893 -2.544
6.058 -0.916 -2.301
6.083 -0.849 -2.131
6.108 -0.916 -1.864
6.133 -0.827 -1.427
6.158 -0.916 -1.062
6.183 -0.938 -0.649
6.208 -0.938 -0.236
6.233 -0.938 0.299
6.258 -0.982 0.687
6.283 -0.982 1.198
6.308 -1.071 1.757
6.333 -1.004 2.218
6.358 -1.027 2.729
6.383 -1.138 3.166
6.408 -1.182 3.676
6.433 -1.182 4.114
6.458 -1.138 4.478
6.483 -1.138 4.867
6.508 -1.226 5.232
6.533 -1.160 5.499
6.558 -1.182 5.766
6.583 -1.160 6.009
6.608 -1.115 6.204
6.633 -1.093 6.276
6.658 -1.115 6.325
6.683 -1.093 6.349
6.708 -1.049 6.349
6.733 -0.960 6.204
6.758 -0.938 6.082
6.783 -0.827 5.936
6.808 -0.805 5.693
6.833 -0.738 5.353
6.858 -0.738 5.037
6.883 -0.671 4.697
6.908 -0.583 4.284
6.933 -0.494 3.871
6.958 -0.427 3.458
6.983 -0.405 2.972
7.008 -0.338 2.486
7.033 -0.316 2.024
7.058 -0.316 1.562
7.083 -0.294 1.076
7.108 -0.272 0.615
7.133 -0.250 0.153
7.158 -0.294 -0.284
7.183 -0.294 -0.722
7.208 -0.361 -1.013
7.233 -0.338 -1.354
7.258 -0.405 -1.694
7.283 -0.472 -1.985
7.308 -0.583 -2.180
7.333 -0.627 -2.374
7.358 -0.738 -2.520
7.383 -0.827 -2.617
7.408 -0.938 -2.569
7.433 -1.049 -2.569
7.458 -1.204 -2.569
7.483 -1.271 -2.447
7.508 -1.426 -2.277
7.533 -1.493 -2.058
7.558 -1.648 -1.742
7.583 -1.693 -1.524
7.608 -1.848 -1.232
7.633 -1.981 -0.941
7.658 -2.026 -0.552
7.683 -2.159 -0.163
7.708 -2.225 0.347
7.733 -2.248 0.736
7.758 -2.381 1.198
7.783 -2.381 1.538
7.808 -2.425 2.048
7.833 -2.403 2.389
7.858 -2.359 2.850
7.883 -2.381 3.239
7.908 -2.336 3.628
7.933 -2.248 3.992
7.958 -2.159 4.308
7.983 -2.092 4.600
8.008 -2.026 4.818
8.033 -1.870 5.013
8.058 -1.737 5.183
8.083 -1.537 5.377
8.108 -1.404 5.426
8.133 -1.226 5.523
8.158 -1.115 5.475
8.183 -0.893 5.450
8.208 -0.738 5.353
8.233 -0.538 5.232
8.258 -0.338 5.086
8.283 -0.139 4.867
8.308 -0.050 4.673
8.333 0.172 4.405
8.358 0.305 4.114
8.383 0.461 3.749
8.408 0.594 3.458
8.433 0.705 3.166
8.458 0.772 2.826
8.483 0.860 2.413
8.508 0.905 2.073
8.533 0.994 1.732
8.558 0.927 1.416
8.583 0.927 1.076
8.608 0.905 0.663
8.633 0.794 0.347
8.658 0.727 0.104
8.683 0.683 -0.187
8.708 0.527 -0.430
8.733 0.394 -0.625
8.758 0.217 -0.819
8.783 0.039 -0.989
8.808 -0.161 -1.086
8.833 -0.383 -1.184
8.858 -0.583 -1.232
8.883 -0.849 -1.256
8.908 -1.071 -1.208
8.933 -1.226 -1.184
8.958 -1.515 -1.086
8.983 -1.737 -1.013
9.008 -1.937 -0.819
9.033 -2.137 -0.649
9.058 -2.381 -0.455
9.083 -2.536 -0.260
9.108 -2.736 -0.017
9.133 -2.847 0.177
9.158 -3.025 0.469
9.183 -3.091 0.712
9.208 -3.224 1.003
9.233 -3.247 1.271
9.258 -3.335 1.538
9.283 -3.335 1.830
9.308 -3.313 2.097
9.333 -3.291 2.340
9.358 -3.335 2.559
9.383 -3.180 2.753
9.408 -3.113 2.972
9.433 -2.914 3.093
9.458 -2.758 3.312
9.483 -2.625 3.409
9.508 -2.403 3.506
9.533 -2.159 3.579
9.558 -1.937 3.628
9.583 -1.693 3.652
9.608 -1.448 3.676
9.633 -1.138 3.652
9.658 -0.893 3.628
9.683 -0.605 3.579
9.708 -0.361 3.506
9.733 -0.072 3.361
9.758 0.150 3.263
9.783 0.394 3.166
9.808 0.638 3.020
9.833 0.860 2.874
9.858 1.016 2.729
9.883 1.216 2.559
9.908 1.415 2.437
9.933 1.549 2.218
9.958 1.571 2.048
9.983 1.682 1.878
10.008 1.682 1.805
10.033 1.682 1.611
10.058 1.615 1.514
10.083 1.571 1.368
10.108 1.504 1.271
10.133 1.371 1.173
10.158 1.171 1.076
10.183 1.082 0.955
10.208 0.860 0.955
10.233 0.661 0.858
10.258 0.372 0.833
10.283 0.128 0.833
10.308 -0.116 0.882
10.333 -0.405 0.858
10.358 -0.671 0.882
10.383 -0.938 0.882
10.408 -1.271 0.955
10.433 -1.559 0.930
10.458 -1.826 1.003
10.483 -2.159 1.052
10.508 -2.403 1.125
10.533 -2.581 1.198
10.558 -2.847 1.319
10.583 -3.025 1.368
10.608 -3.247 1.489
10.633 -3.358 1.514
10.658 -3.513 1.538
10.683 -3.624 1.635
10.708 -3.668 1.684
10.733 -3.713 1.684
10.758 -3.757 1.708
10.783 -3.735 1.708
10.808 -3.757 1.757
10.833 -3.602 1.757
10.858 -3.557 1.805
10.883 -3.380 1.757
10.908 -3.202 1.708
10.933 -3.047 1.684
10.958 -2.847 1.659
10.983 -2.581 1.611
11.008 -2.359 1.562
11.033 -2.092 1.489
11.058 -1.826 1.489
11.083 -1.515 1.441
11.108 -1.249 1.416
11.133 -0.916 1.344
11.158 -0.694 1.344
11.183 -0.361 1.295
11.208 -0.072 1.222
11.233 0.172 1.222
11.258 0.416 1.246
11.283 0.661 1.222
11.308 0.883 1.271
11.333 1.127 1.319
11.358 1.260 1.368
11.383 1.438 1.344
11.408 1.549 1.441
11.433 1.637 1.538
11.458 1.682 1.587
11.483 1.771 1.635
11.508 1.771 1.805
11.533 1.726 1.902
11.558 1.660 2.024
11.583 1.593 2.145
11.608 1.415 2.218
11.633 1.260 2.413
11.658 1.105 2.534
11.683 0.905 2.559
11.708 0.638 2.680
11.733 0.439 2.802
11.758 0.239 2.899
11.783 -0.072 2.972
11.808 -0.361 3.093
11.833 -0.627 3.093
11.858 -0.893 3.190
11.883 -1.160 3.239
11.908 -1.471 3.239
11.933 -1.759 3.239
11.958 -1.981 3.263
11.983 -2.203 3.215
12.008 -2.470 3.093
12.033 -2.692 2.972
12.058 -2.847 2.947
12.083 -3.002 2.802
12.108 -3.113 2.656
12.133 -3.247 2.510
12.158 -3.402 2.340
12.183 -3.424 2.170
12.208 -3.535 2.024
12.233 -3.469 1.805
12.258 -3.446 1.611
12.283 -3.424 1.319
12.308 -3.313 1.101
12.333 -3.247 0.833
12.358 -3.136 0.639
12.383 -2.980 0.445
12.408 -2.825 0.177
12.433 -2.625 0.007
12.458 -2.447 -0.163
12.483 -2.203 -0.333
12.508 -1.959 -0.479
12.533 -1.804 -0.625
12.558 -1.537 -0.746
12.583 -1.249 -0.795
12.608 -0.960 -0.843
12.633 -0.760 -0.868
12.658 -0.538 -0.819
12.683 -0.272 -0.770
12.708 -0.072 -0.673
12.733 0.128 -0.625
12.758 0.328 -0.479
12.783 0.505 -0.284
12.808 0.638 -0.066
12.833 0.772 0.080
12.858 0.949 0.347
12.883 0.994 0.566
12.908 1.060 0.858
12.933 1.127 1.198
12.958 1.149 1.489
12.983 1.105 1.830
13.008 1.038 2.097
13.033 0.994 2.437
13.058 0.949 2.777
13.083 0.816 3.020
13.108 0.705 3.361
13.133 0.616 3.603
13.158 0.439 3.895
13.183 0.261 4.187
13.208 0.106 4.357
13.233 -0.116 4.600
13.258 -0.338 4.770
13.283 -0.538 4.891
13.308 -0.716 5.013
13.333 -0.916 5.061
13.358 -1.093 5.110
13.383 -1.293 5.134
13.408 -1.471 5.086
13.433 -1.670 4.989
13.458 -1.870 4.891
13.483 -2.003 4.697
13.508 -2.137 4.527
13.533 -2.248 4.284
13.558 -2.336 4.065
13.583 -2.381 3.749
13.608 -2.514 3.409
13.633 -2.581 3.093
13.658 -2.581 2.704
13.683 -2.603 2.291
13.708 -2.581 1.902
13.733 -2.581 1.538
13.758 -2.625 1.101
13.783 -2.470 0.687
13.808 -2.403 0.299
13.833 -2.292 -0.066
13.858 -2.225 -0.406
13.883 -2.181 -0.746
13.908 -2.003 -1.086
13.933 -1.804 -1.378
13.958 -1.737 -1.694
13.983 -1.626 -1.864
14.008 -1.471 -2.010
14.033 -1.315 -2.180
14.058 -1.204 -2.301
14.083 -1.027 -2.374
14.108 -0.938 -2.350
14.133 -0.805 -2.350
14.158 -0.671 -2.228
14.183 -0.560 -2.083
14.208 -0.449 -1.913
14.233 -0.361 -1.718
14.258 -0.250 -1.475
14.283 -0.161 -1.184
14.308 -0.139 -0.819
14.333 -0.094 -0.455
14.358 -0.072 -0.066
14.383 -0.116 0.323
14.408 -0.050 0.760
14.433 -0.050 1.198
14.458 -0.094 1.659
14.483 -0.072 2.097
14.508 -0.116 2.510
14.533 -0.116 2.972
14.558 -0.227 3.433
14.583 -0.272 3.822
14.608 -0.338 4.260
14.633 -0.427 4.624
14.658 -0.538 4.940
14.683 -0.605 5.232
14.708 -0.694 5.547
14.733 -0.738 5.742
14.758 -0.805 5.912
14.783 -0.938 6.034
14.808 -1.004 6.106
14.833 -1.093 6.131
14.858 -1.115 6.131
14.883 -1.204 6.082
14.908 -1.226 5.961
14.933 -1.337 5.766
14.958 -1.337 5.547
14.983 -1.315 5.329
15.008 -1.404 5.013
15.033 -1.404 4.648
15.058 -1.382 4.308
15.083 -1.360 3.895
15.108 -1.382 3.506
15.133 -1.337 3.045
15.158 -1.337 2.607
15.183 -1.293 2.097
15.208 -1.293 1.611
15.233 -1.271 1.149
15.258 -1.204 0.639
15.283 -1.182 0.201
15.308 -1.160 -0.260
15.333 -1.138 -0.673
15.358 -1.115 -1.062
15.383 -1.115 -1.402
15.408 -1.027 -1.767
15.433 -1.004 -2.107
15.458 -0.960 -2.326
15.483 -1.027 -2.544
15.508 -1.027 -2.690
15.533 -1.004 -2.787
15.558 -0.960 -2.836
15.583 -1.004 -2.885
15.608 -1.027 -2.787
15.633 -1.027 -2.690
15.658 -1.071 -2.593
15.683 -1.071 -2.399
15.708 -1.071 -2.131
15.733 -1.115 -1.888
15.758 -1.071 -1.524
15.783 -1.160 -1.184
15.808 -1.226 -0.795
15.833 -1.271 -0.430
15.858 -1.315 0.080
15.883 -1.337 0.493
15.908 -1.382 1.003
15.933 -1.404 1.514
15.958 -1.404 1.975
15.983 -1.471 2.486
16.008 -1.471 2.923
16.033 -1.515 3.361
16.058 -1.471 3.774
16.083 -1.537 4.211
16.108 -1.448 4.551
16.133 -1.471 4.916
16.158 -1.448 5.183
16.183 -1.404 5.450
16.208 -1.337 5.693
16.233 -1.315 5.888
16.258 -1.271 5.985
16.283 -1.182 6.082
16.308 -1.093 6.131
16.333 -0.982 6.106
16.358 -0.916 6.058
16.383 -0.805 5.912
16.408 -0.694 5.718
16.433 -0.627 5.523
16.458 -0.538 5.304
16.483 -0.494 4.940
16.508 -0.405 4.673
16.533 -0.272 4.357
16.558 -0.183 3.944
16.583 -0.161 3.506
16.608 -0.072 3.142
16.633 -0.050 2.680
16.658 -0.028 2.267
16.683 0.039 1.757
16.708 0.083 1.319
16.733 0.106 0.906
16.758 0.061 0.469
16.783 0.017 0.031
16.808 0.017 -0.309
16.833 0.017 -0.722
16.858 -0.094 -1.013
16.883 -0.183 -1.305
16.908 -0.250 -1.524
16.933 -0.361 -1.767
16.958 -0.472 -1.888
16.983 -0.583 -2.058
17.008 -0.694 -2.156
17.033 -0.849 -2.204
17.058 -0.960 -2.253
17.083 -1.138 -2.228
17.108 -1.315 -2.180
17.133 -1.448 -2.010
17.158 -1.604 -1.791
17.183 -1.737 -1.524
17.208 -1.892 -1.354
17.233 -1.981 -1.062
17.258 -2.137 -0.795
17.283 -2.270 -0.455
17.308 -2.336 -0.114
17.333 -2.425 0.299
17.358 -2.514 0.615
17.383 -2.581 1.028
17.408 -2.603 1.392
17.433 -2.625 1.781
17.458 -2.669 2.170
17.483 -2.625 2.583
17.508 -2.647 2.899
17.533 -2.581 3.239
17.558 -2.514 3.555
17.583 -2.403 3.846
17.608 -2.314 4.138
17.633 -2.203 4.332
17.658 -2.048 4.527
17.683 -1.848 4.697
17.708 -1.670 4.818
17.733 -1.537 4.916
17.758 -1.360 4.964
17.783 -1.182 4.989
17.808 -0.982 4.964
17.833 -0.782 4.940
17.858 -0.538 4.794
17.883 -0.316 4.673
17.908 -0.094 4.551
17.933 0.061 4.405
17.958 0.239 4.138
17.983 0.416 3.919
18.008 0.616 3.628
18.033 0.705 3.361
18.058 0.860 3.069
18.083 0.927 2.777
18.108 1.082 2.461
18.133 1.060 2.194
18.158 1.105 1.878
18.183 1.105 1.587
18.208 1.127 1.295
18.233 1.105 1.028
18.258 1.038 0.809
18.283 0.905 0.542
18.308 0.794 0.250
18.333 0.683 0.056
18.358 0.594 -0.114
18.383 0.394 -0.260
18.408 0.194 -0.406
18.433 -0.028 -0.479
18.458 -0.250 -0.552
18.483 -0.472 -0.600
18.508 -0.716 -0.649
18.533 -0.960 -0.649
18.558 -1.160 -0.527
18.583 -1.382 -0.479
18.608 -1.648 -0.430
18.633 -1.981 -0.333
18.658 -2.092 -0.187
18.683 -2.381 -0.017
18.708 -2.603 0.129
18.733 -2.803 0.299
18.758 -2.914 0.493
18.783 -3.069 0.663
18.808 -3.224 0.906
18.833 -3.335 1.101
18.858 -3.380 1.246
18.883 -3.491 1.465
18.908 -3.469 1.684
18.933 -3.491 1.878
18.958 -3.446 2.073
18.983 -3.424 2.243
19.008 -3.313 2.364
19.033 -3.202 2.559
19.058 -3.069 2.680
19.083 -2.891 2.777
19.108 -2.736 2.923
19.133 -2.492 2.947
19.158 -2.270 2.996
19.183 -2.070 3.045
19.208 -1.737 3.045
19.233 -1.493 3.020
19.258 -1.226 3.020
19.283 -0.982 2.996
19.308 -0.738 2.923
19.333 -0.494 2.923
19.358 -0.161 2.826
19.383 0.061 2.729
19.408 0.283 2.631
19.433 0.505 2.583
19.458 0.772 2.461
19.483 0.994 2.389
19.508 1.216 2.267
19.533 1.304 2.243
19.558 1.482 2.097
19.583 1.571 2.000
19.608 1.637 1.902
19.633 1.682 1.854
19.658 1.682 1.684
19.683 1.682 1.635
19.708 1.660 1.562
19.733 1.526 1.562
19.758 1.438 1.562
19.783 1.282 1.489
19.808 1.082 1.465
19.833 0.971 1.416
19.858 0.749 1.441
19.883 0.483 1.465
19.908 0.239 1.441
19.933 -0.005 1.465
19.958 -0.272 1.465
19.983 -0.605 1.538
20.008 -0.827 1.562
20.033 -1.160 1.587
20.058 -1.404 1.587
20.083 -1.759 1.635
20.108 -2.026 1.635
20.133 -2.270 1.732
20.158 -2.514 1.708
20.183 -2.736 1.781
20.208 -2.936 1.781
20.233 -3.091 1.854
20.258 -3.269 1.781
20.283 -3.424 1.805
20.308 -3.491 1.781
20.333 -3.602 1.781
20.358 -3.624 1.757
20.383 -3.646 1.732
20.408 -3.668 1.611
20.433 -3.624 1.611
20.458 -3.557 1.538
20.483 -3.491 1.489
20.508 -3.358 1.392
20.533 -3.202 1.368
20.558 -3.025 1.246
20.583 -2.891 1.198
20.608 -2.625 1.101
20.633 -2.359 1.052
20.658 -2.159 1.003
20.683 -1.870 0.906
20.708 -1.604 0.833
20.733 -1.382 0.785
20.758 -1.115 0.736
20.783 -0.849 0.712
20.808 -0.516 0.736
20.833 -0.272 0.712
20.858 0.017 0.712
20.883 0.217 0.809
20.908 0.483 0.809
20.933 0.661 0.833
20.958 0.927 0.882
20.983 1.038 1.003
21.008 1.238 1.101
21.033 1.393 1.173
21.058 1.482 1.295
21.083 1.504 1.441
21.108 1.593 1.635
21.133 1.571 1.781
21.158 1.549 1.927
21.183 1.504 2.097
21.208 1.460 2.291
21.233 1.304 2.486
21.258 1.216 2.607
21.283 1.038 2.753
21.308 0.883 2.899
21.333 0.705 3.117
21.358 0.483 3.215
21.383 0.194 3.288
21.408 -0.072 3.506
21.433 -0.338 3.603
21.458 -0.560 3.628
21.483 -0.805 3.676
21.508 -1.004 3.701
21.533 -1.293 3.798
21.558 -1.559 3.774
21.583 -1.804 3.774
21.608 -2.026 3.676
21.633 -2.225 3.603
21.658 -2.425 3.482
21.683 -2.625 3.409
21.708 -2.780 3.215
21.733 -2.958 3.020
21.758 -2.980 2.826
21.783 -3.113 2.631
21.808 -3.202 2.389
21.833 -3.247 2.170
21.858 -3.224 1.927
21.883 -3.247 1.635
21.908 -3.180 1.368
21.933 -3.158 1.076
21.958 -3.047 0.785
21.983 -2.980 0.517
22.008 -2.825 0.274
22.033 -2.714 0.056
22.058 -2.536 -0.284
22.083 -2.359 -0.430
22.108 -2.159 -0.649
22.133 -1.981 -0.843
22.158 -1.781 -0.989
22.183 -1.582 -1.086
22.208 -1.315 -1.184
22.233 -1.160 -1.208
22.258 -0.916 -1.208
22.283 -0.738 -1.208
22.308 -0.516 -1.208
22.333 -0.316 -1.135
22.358 -0.161 -1.038
22.383 -0.005 -0.892
22.408 0.239 -0.698
22.433 0.305 -0.430
22.458 0.416 -0.236
22.483 0.505 0.031
22.508 0.661 0.323
22.533 0.749 0.663
22.558 0.794 0.955
22.583 0.816 1.319
22.608 0.794 1.611
22.633 0.749 2.000
22.658 0.705 2.267
22.683 0.616 2.680
22.708 0.572 3.069
22.733 0.416 3.409
22.758 0.350 3.676
22.783 0.239 4.041
22.808 0.106 4.284
22.833 -0.005 4.575
22.858 -0.183 4.794
22.883 -0.383 5.013
22.908 -0.516 5.159
22.933 -0.694 5.304
22.958 -0.782 5.377
22.983 -1.027 5.426
23.008 -1.138 5.402
23.033 -1.360 5.353
23.058 -1.471 5.256
23.083 -1.648 5.183
23.108 -1.693 5.013
23.133 -1.804 4.867
23.158 -1.892 4.624
23.183 -2.070 4.357
23.208 -2.070 4.090
23.233 -2.159 3.725
23.258 -2.225 3.288
23.283 -2.270 2.947
23.308 -2.181 2.486
23.333 -2.248 2.145
23.358 -2.203 1.708
23.383 -2.181 1.246
23.408 -2.137 0.833
23.433 -2.181 0.469
23.458 -2.048 0.031
23.483 -2.003 -0.309
23.508 -1.892 -0.698
23.533 -1.826 -1.062
23.558 -1.715 -1.378
23.583 -1.604 -1.670
23.608 -1.559 -1.888
23.633 -1.404 -2.058
23.658 -1.293 -2.228
23.683 -1.182 -2.350
23.708 -1.071 -2.496
23.733 -1.071 -2.496
23.758 -0.938 -2.520
23.783 -0.849 -2.423
23.808 -0.738 -2.301
23.833 -0.649 -2.083
23.858 -0.649 -1.937
23.883 -0.560 -1.694
23.908 -0.494 -1.402
23.933 -0.494 -1.013
23.958 -0.472 -0.698
23.983 -0.427 -0.309
24.008 -0.449 0.056
24.033 -0.427 0.590
24.058 -0.361 0.979
24.083 -0.405 1.441
24.108 -0.494 1.854
24.133 -0.494 2.364
24.158 -0.472 2.802
24.183 -0.516 3.288
24.208 -0.560 3.676
24.233 -0.649 4.114
24.258 -0.694 4.454
24.283 -0.738 4.818
24.308 -0.805 5.183
24.333 -0.805 5.450
24.358 -0.893 5.645
24.383 -0.938 5.815
24.408 -0.960 5.961
24.433 -0.982 6.131
24.458 -1.093 6.204
24.483 -1.049 6.179
24.508 -1.049 6.131
24.533 -1.115 6.058
24.558 -1.093 5.912
24.583 -1.115 5.693
24.608 -1.071 5.450
24.633 -1.138 5.110
24.658 -1.160 4.818
24.683 -1.093 4.478
24.708 -1.049 4.114
24.733 -1.093 3.749
24.758 -1.027 3.288
24.783 -1.004 2.850
24.808 -0.960 2.316
24.833 -0.960 1.854
24.858 -0.938 1.441
24.883 -0.893 0.979
24.908 -0.893 0.517
24.933 -0.871 0.031
24.958 -0.827 -0.406
24.983 -0.827 -0.770
25.008 -0.827 -1.184
25.033 -0.827 -1.524
25.058 -0.871 -1.840
25.083 -0.849 -2.083
25.108 -0.849 -2.301
25.133 -0.849 -2.423
25.158 -0.938 -2.520
25.183 -1.004 -2.666
25.208 -0.960 -2.666
25.233 -0.982 -2.642
25.258 -1.071 -2.617
25.283 -1.182 -2.496
25.308 -1.226 -2.326
25.333 -1.315 -2.034
25.358 -1.315 -1.840
25.383 -1.404 -1.572
25.408 -1.448 -1.208
25.433 -1.493 -0.843
25.458 -1.626 -0.479
25.483 -1.582 -0.017
25.508 -1.670 0.396
25.533 -1.715 0.858
25.558 -1.759 1.198
25.583 -1.737 1.732
25.608 -1.781 2.170
25.633 -1.826 2.631
25.658 -1.826 3.069
25.683 -1.781 3.482
25.708 -1.715 3.846
25.733 -1.781 4.260
25.758 -1.693 4.527
25.783 -1.648 4.867
25.808 -1.604 5.061
25.833 -1.515 5.353
25.858 -1.404 5.499
25.883 -1.360 5.645
25.908 -1.226 5.742
25.933 -1.115 5.766
25.958 -1.027 5.742
25.983 -0.916 5.742
26.008 -0.760 5.645
26.033 -0.671 5.523
26.058 -0.516 5.329
26.083 -0.383 5.134
26.108 -0.250 4.891
26.133 -0.205 4.624
26.158 -0.050 4.211
26.183 0.017 3.919
26.208 0.150 3.579
26.233 0.217 3.215
26.258 0.305 2.802
26.283 0.283 2.437
26.308 0.350 2.000
26.333 0.328 1.587
26.358 0.328 1.173
26.383 0.328 0.809
26.408 0.328 0.469
26.433 0.261 0.104
26.458 0.239 -0.236
26.483 0.106 -0.576
26.508 0.017 -0.868
26.533 -0.050 -1.086
26.558 -0.139 -1.256
26.583 -0.294 -1.402
26.608 -0.427 -1.572
26.633 -0.627 -1.670
26.658 -0.760 -1.742
26.683 -0.982 -1.767
26.708 -1.071 -1.791
26.733 -1.249 -1.694
26.758 -1.471 -1.597
26.783 -1.670 -1.427
26.808 -1.826 -1.305
26.833 -1.959 -1.062
26.858 -2.092 -0.868
26.883 -2.270 -0.673
26.908 -2.425 -0.382
26.933 -2.558 -0.041
26.958 -2.647 0.274
26.983 -2.669 0.615
27.008 -2.780 0.906
27.033 -2.847 1.271
27.058 -2.847 1.587
27.083 -2.891 1.975
27.108 -2.936 2.267
27.133 -2.914 2.583
27.158 -2.803 2.874
27.183 -2.736 3.166
27.208 -2.647 3.409
27.233 -2.581 3.603
27.258 -2.403 3.822
27.283 -2.225 3.992
27.308 -2.070 4.162
27.333 -1.892 4.260
27.358 -1.693 4.357
27.383 -1.493 4.405
27.408 -1.249 4.430
27.433 -1.093 4.405
27.458 -0.871 4.405
27.483 -0.627 4.308
27.508 -0.338 4.211
27.533 -0.161 4.090
27.558 0.039 3.895
27.583 0.217 3.822
27.608 0.461 3.603
27.633 0.661 3.385
27.658 0.816 3.166
27.683 0.949 2.972
27.708 1.082 2.704
27.733 1.171 2.486
27.758 1.193 2.218
27.783 1.238 2.024
27.808 1.327 1.732
27.833 1.349 1.514
27.858 1.282 1.271
27.883 1.171 1.052
27.908 1.127 0.882
27.933 0.971 0.736
27.958 0.883 0.566
27.983 0.749 0.445
28.008 0.616 0.274
28.033 0.328 0.201
28.058 0.194 0.080
28.083 -0.094 0.056
28.108 -0.272 -0.017
28.133 -0.538 -0.017
28.158 -0.805 -0.041
28.183 -1.071 0.007
28.208 -1.293 0.056
28.233 -1.582 0.104
28.258 -1.848 0.129
28.283 -2.092 0.274
28.308 -2.314 0.372
28.333 -2.536 0.493
28.358 -2.714 0.615
28.383 -2.936 0.736
28.408 -3.069 0.858
28.433 -3.291 1.052
28.458 -3.402 1.198
28.483 -3.424 1.319
28.508 -3.513 1.489
28.533 -3.535 1.587
28.558 -3.513 1.708
28.583 -3.491 1.854
28.608 -3.446 1.951
28.633 -3.380 2.073
28.658 -3.269 2.194
28.683 -3.180 2.291
28.708 -3.025 2.316
28.733 -2.847 2.340
28.758 -2.625 2.364
28.783 -2.470 2.413
28.808 -2.225 2.389
28.833 -1.892 2.437
28.858 -1.648 2.437
28.883 -1.404 2.413
28.908 -1.160 2.389
28.933 -0.871 2.340
28.958 -0.583 2.316
28.983 -0.294 2.243
29.008 0.017 2.218
29.033 0.194 2.218
29.058 0.439 2.121
29.083 0.661 2.097
29.108 0.905 2.000
29.133 1.082 1.927
29.158 1.238 1.878
29.183 1.393 1.927
29.208 1.504 1.830
29.233 1.549 1.805
29.258 1.593 1.805
29.283 1.660 1.805
29.308 1.682 1.781
29.333 1.615 1.781
29.358 1.482 1.757
29.383 1.482 1.805
29.408 1.349 1.854
29.433 1.149 1.878
29.458 1.038 1.927
29.483 0.794 1.927
29.508 0.550 1.902
29.533 0.328 1.975
29.558 0.083 2.024
29.583 -0.094 2.048
29.608 -0.427 2.121
29.633 -0.649 2.170
29.658 -0.960 2.145
29.683 -1.271 2.218
29.708 -1.537 2.243
29.733 -1.848 2.267
29.758 -2.070 2.267
29.783 -2.336 2.243
29.808 -2.558 2.243
29.833 -2.736 2.194
29.858 -2.936 2.097
29.883 -3.136 2.121
29.908 -3.202 2.097
29.933 -3.335 2.048
29.958 -3.424 1.975
29.983 -3.491 1.854
30.008 -3.602 1.757
30.033 -3.535 1.659
30.058 -3.513 1.538
30.083 -3.469 1.392
30.108 -3.358 1.295
30.133 -3.224 1.149
30.158 -3.158 1.076
30.183 -3.025 0.955
30.208 -2.847 0.809
30.233 -2.625 0.663
30.258 -2.447 0.615
30.283 -2.203 0.493
30.308 -1.959 0.469
30.333 -1.781 0.347
30.358 -1.493 0.250
30.383 -1.226 0.226
30.408 -0.893 0.153
30.433 -0.627 0.153
30.458 -0.427 0.177
30.483 -0.161 0.201
30.508 0.039 0.226
30.533 0.328 0.299
30.558 0.461 0.372
30.583 0.661 0.517
30.608 0.816 0.590
30.633 0.949 0.760
30.658 1.060 0.930
30.683 1.238 1.028
30.708 1.282 1.246
30.733 1.327 1.465
30.758 1.327 1.684
30.783 1.327 1.854
30.808 1.304 2.073
30.833 1.238 2.340
30.858 1.127 2.559
30.883 1.016 2.729
30.908 0.927 2.996
30.933 0.794 3.190
30.958 0.572 3.409
30.983 0.394 3.555
31.008 0.150 3.701
31.033 -0.005 3.871
31.058 -0.272 3.968
31.083 -0.494 4.065
31.108 -0.671 4.211
31.133 -0.916 4.260
31.158 -1.138 4.284
31.183 -1.404 4.284
31.208 -1.648 4.162
31.233 -1.848 4.114
31.258 -2.048 4.065
31.283 -2.203 3.919
31.308 -2.359 3.749
31.333 -2.514 3.603
31.358 -2.625 3.385
31.383 -2.647 3.215
31.408 -2.847 2.972
31.433 -2.869 2.607
31.458 -2.980 2.389
31.483 -2.958 2.048
31.508 -3.002 1.684
31.533 -2.958 1.441
31.558 -2.914 1.076
31.583 -2.825 0.760
31.608 -2.736 0.445
31.633 -2.603 0.153
31.658 -2.492 -0.090
31.683 -2.359 -0.406
31.708 -2.225 -0.600
31.733 -2.048 -0.868
31.758 -1.937 -1.086
31.783 -1.781 -1.305
31.808 -1.537 -1.378
31.833 -1.382 -1.499
31.858 -1.226 -1.548
31.883 -1.049 -1.597
31.908 -0.893 -1.548
31.933 -0.671 -1.524
31.958 -0.516 -1.499
31.983 -0.338 -1.402
32.008 -0.227 -1.232
32.033 -0.094 -1.013
32.058 0.061 -0.795
32.083 0.128 -0.576
32.108 0.194 -0.309
32.133 0.328 0.007
32.158 0.394 0.372
32.183 0.461 0.712
32.208 0.416 1.052
32.233 0.394 1.392
32.258 0.439 1.830
32.283 0.394 2.243
32.308 0.328 2.631
32.333 0.283 2.972
32.358 0.194 3.361
32.383 0.150 3.652
32.408 0.039 4.065
32.433 -0.028 4.357
32.458 -0.161 4.600
32.483 -0.294 4.867
32.508 -0.427 5.134
32.533 -0.538 5.280
32.558 -0.671 5.426
32.583 -0.782 5.572
32.608 -0.960 5.620
32.633 -1.093 5.645
32.658 -1.226 5.645
32.683 -1.293 5.547
32.708 -1.404 5.450
32.733 -1.537 5.280
32.758 -1.604 5.110
32.783 -1.648 4.843
32.808 -1.737 4.600
32.833 -1.781 4.284
32.858 -1.804 3.944
32.883 -1.804 3.603
32.908 -1.848 3.190
32.933 -1.892 2.753
32.958 -1.959 2.364
32.983 -1.870 1.927
33.008 -1.870 1.465
33.033 -1.804 1.003
33.058 -1.781 0.639
33.083 -1.693 0.250
33.108 -1.670 -0.187
33.133 -1.582 -0.649
33.158 -1.604 -0.941
33.183 -1.515 -1.232
33.208 -1.426 -1.548
33.233 -1.360 -1.864
33.258 -1.293 -2.034
33.283 -1.204 -2.301
33.308 -1.160 -2.447
33.333 -1.071 -2.544
33.358 -1.049 -2.471
33.383 -0.982 -2.496
33.408 -0.982 -2.471
33.433 -0.871 -2.423
33.458 -0.827 -2.228
33.483 -0.827 -2.034
33.508 -0.827 -1.767
33.533 -0.805 -1.548
33.558 -0.782 -1.232
33.583 -0.738 -0.916
33.608 -0.782 -0.479
33.633 -0.738 -0.066
33.658 -0.738 0.372
33.683 -0.738 0.712
33.708 -0.782 1.198
33.733 -0.782 1.684
33.758 -0.849 2.170
33.783 -0.893 2.534
33.808 -0.938 3.045
33.833 -0.916 3.458
33.858 -0.938 3.846
33.883 -0.916 4.260
33.908 -1.027 4.575
33.933 -1.004 4.916
33.958 -1.027 5.207
33.983 -1.004 5.475
34.008 -1.049 5.718
34.033 -1.071 5.863
34.058 -1.049 6.009
34.083 -1.049 6.009
34.108 -1.027 6.058
34.133 -1.027 6.034
34.158 -0.960 5.936
34.183 -0.982 5.815
34.208 -0.893 5.718
34.233 -0.938 5.426
34.258 -0.916 5.232
34.283 -0.827 4.916
34.308 -0.827 4.575
34.333 -0.716 4.235
34.358 -0.738 3.822
34.383 -0.671 3.385
34.408 -0.671 3.045
34.433 -0.583 2.534
34.458 -0.583 2.073
34.483 -0.516 1.611
34.508 -0.538 1.198
34.533 -0.538 0.712
34.558 -0.516 0.347
34.583 -0.538 -0.114
34.608 -0.583 -0.479
34.633 -0.516 -0.892
34.658 -0.538 -1.159
34.683 -0.605 -1.499
34.708 -0.649 -1.718
34.733 -0.671 -1.985
34.758 -0.760 -2.156
34.783 -0.782 -2.301
34.808 -0.916 -2.350
34.833 -0.982 -2.423
34.858 -1.049 -2.399
34.883 -1.115 -2.350
34.908 -1.293 -2.253
34.933 -1.315 -2.131
34.958 -1.404 -1.888
34.983 -1.493 -1.718
35.008 -1.626 -1.475
35.033 -1.670 -1.135
35.058 -1.804 -0.843
35.083 -1.848 -0.479
35.108 -1.937 -0.066
35.133 -1.892 0.250
35.158 -1.959 0.663
35.183 -2.003 1.101
35.208 -2.092 1.562
35.233 -2.114 1.927
35.258 -2.159 2.340
35.283 -2.114 2.704
35.308 -2.092 3.117
35.333 -2.026 3.506
35.358 -2.003 3.822
35.383 -1.981 4.187
35.408 -1.892 4.454
35.433 -1.781 4.624
35.458 -1.737 4.891
35.483 -1.582 5.110
35.508 -1.515 5.280
35.533 -1.382 5.329
35.558 -1.204 5.426
35.583 -1.027 5.426
35.608 -0.960 5.402
35.633 -0.782 5.280
35.658 -0.627 5.207
35.683 -0.472 5.037
35.708 -0.338 4.940
35.733 -0.183 4.697
35.758 -0.094 4.454
35.783 0.061 4.138
35.808 0.194 3.846
35.833 0.283 3.555
35.858 0.416 3.239
35.883 0.483 2.874
35.908 0.527 2.559
35.933 0.594 2.145
35.958 0.572 1.830
35.983 0.616 1.465
36.008 0.638 1.101
36.033 0.616 0.785
36.058 0.594 0.493
36.083 0.483 0.153
36.108 0.372 -0.139
36.133 0.283 -0.406
36.158 0.106 -0.625
36.183 0.039 -0.819
36.208 -0.116 -0.941
36.233 -0.316 -1.111
36.258 -0.494 -1.159
36.283 -0.649 -1.281
36.308 -0.849 -1.256
36.333 -1.027 -1.329
36.358 -1.249 -1.232
36.383 -1.426 -1.184
36.408 -1.648 -1.062
36.433 -1.804 -0.916
36.458 -2.003 -0.770
36.483 -2.181 -0.552
36.508 -2.359 -0.382
36.533 -2.514 -0.187
36.558 -2.603 0.056
36.583 -2.780 0.323
36.608 -2.891 0.639
36.633 -2.958 0.882
36.658 -3.002 1.198
36.683 -3.002 1.465
36.708 -3.047 1.805
36.733 -3.047 2.024
36.758 -3.002 2.291
36.783 -2.891 2.486
36.808 -2.936 2.704
36.833 -2.825 2.874
36.858 -2.692 3.166
36.883 -2.603 3.288
36.908 -2.425 3.482
36.933 -2.181 3.603
36.958 -2.003 3.701
36.983 -1.826 3.774
37.008 -1.626 3.871
37.033 -1.337 3.846
37.058 -1.160 3.895
37.083 -0.849 3.846
37.108 -0.649 3.774
37.133 -0.449 3.725
37.158 -0.227 3.628
37.183 0.039 3.579
37.208 0.239 3.409
37.233 0.483 3.263
37.258 0.616 3.142
37.283 0.816 2.899
37.308 0.971 2.753
37.333 1.082 2.534
37.358 1.171 2.413
37.383 1.282 2.170
37.408 1.327 2.048
37.433 1.393 1.902
37.458 1.349 1.708
37.483 1.393 1.514
37.508 1.282 1.319
37.533 1.193 1.198
37.558 1.149 1.101
37.583 0.994 0.979
37.608 0.883 0.882
37.633 0.749 0.760
37.658 0.505 0.712
37.683 0.261 0.639
37.708 -0.028 0.615
37.733 -0.227 0.566
37.758 -0.449 0.590
37.783 -0.671 0.590
37.808 -0.938 0.639
37.833 -1.226 0.639
37.858 -1.537 0.639
37.883 -1.715 0.687
37.908 -1.959 0.858
37.933 -2.159 0.858
37.958 -2.492 0.930
37.983 -2.736 0.979
38.008 -2.914 1.101
38.033 -3.025 1.173
38.058 -3.180 1.295
38.083 -3.313 1.368
38.108 -3.358 1.416
38.133 -3.469 1.514
38.158 -3.491 1.562
38.183 -3.535 1.635
38.208 -3.535 1.732
38.233 -3.469 1.781
38.258 -3.469 1.878
38.283 -3.335 1.830
38.308 -3.247 1.927
38.333 -3.047 1.878
38.358 -2.914 1.927
38.383 -2.736 1.902
38.408 -2.558 1.902
38.433 -2.292 1.854
38.458 -2.070 1.854
38.483 -1.804 1.854
38.508 -1.537 1.854
38.533 -1.249 1.757
38.558 -1.004 1.732
38.583 -0.694 1.708
38.608 -0.449 1.684
38.633 -0.205 1.659
38.658 0.039 1.659
38.683 0.350 1.635
38.708 0.527 1.659
38.733 0.727 1.635
38.758 0.971 1.659
38.783 1.127 1.611
38.808 1.216 1.659
38.833 1.371 1.659
38.858 1.504 1.732
38.883 1.549 1.708
38.908 1.504 1.805
38.933 1.549 1.854
38.958 1.482 1.927
38.983 1.482 1.927
39.008 1.393 2.024
39.033 1.260 2.073
39.058 1.127 2.145
39.083 1.016 2.170
39.108 0.772 2.340
39.133 0.594 2.389
39.158 0.394 2.510
39.183 0.172 2.486
39.208 -0.072 2.559
39.233 -0.338 2.680
39.258 -0.627 2.704
39.283 -0.827 2.704
39.308 -1.115 2.753
39.333 -1.360 2.777
39.358 -1.648 2.826
39.383 -1.870 2.753
39.408 -2.159 2.729
39.433 -2.336 2.680
39.458 -2.581 2.704
39.483 -2.825 2.583
39.508 -2.958 2.510
39.533 -3.047 2.437
39.558 -3.136 2.291
39.583 -3.247 2.194
39.608 -3.358 2.000
39.633 -3.424 1.902
39.658 -3.402 1.732
39.683 -3.380 1.611
39.708 -3.402 1.441
39.733 -3.269 1.222
39.758 -3.180 1.076
39.783 -3.091 0.858
39.808 -2.936 0.736
39.833 -2.803 0.517
39.858 -2.625 0.420
39.883 -2.425 0.226
39.908 -2.203 0.080
39.933 -2.003 -0.017
39.958 -1.759 -0.090
39.983 -1.537 -0.212
40.008 -1.337 -0.284
40.033 -1.071 -0.309
40.058 -0.893 -0.333
40.083 -0.627 -0.357
40.108 -0.405 -0.284
40.133 -0.139 -0.284
40.158 0.039 -0.114
40.183 0.239 -0.066
40.208 0.461 0.129
40.233 0.572 0.250
40.258 0.683 0.372
40.283 0.816 0.590
40.308 0.927 0.858
40.333 1.038 1.028
40.358 1.060 1.319
40.383 1.082 1.514
40.408 1.105 1.757
40.433 1.038 2.024
40.458 1.016 2.316
40.483 0.927 2.583
40.508 0.883 2.850
40.533 0.749 3.045
40.558 0.661 3.361
40.583 0.505 3.555
40.608 0.305 3.822
40.633 0.194 3.992
40.658 -0.005 4.187
40.683 -0.227 4.308
40.708 -0.472 4.430
40.733 -0.627 4.503
40.758 -0.871 4.600
40.783 -1.049 4.624
40.808 -1.271 4.624
40.833 -1.448 4.624
40.858 -1.648 4.551
40.883 -1.826 4.454
40.908 -1.937 4.357
40.933 -2.092 4.187
40.958 -2.225 3.992
40.983 -2.359 3.701
41.008 -2.447 3.458
41.033 -2.470 3.190
41.058 -2.647 2.947
41.083 -2.625 2.607
41.108 -2.669 2.291
41.133 -2.714 1.927
41.158 -2.669 1.587
41.183 -2.581 1.198
41.208 -2.558 0.882
41.233 -2.514 0.469
41.258 -2.425 0.153
41.283 -2.336 -0.114
41.308 -2.270 -0.382
41.333 -2.092 -0.722
41.358 -1.981 -0.965
41.383 -1.804 -1.208
41.408 -1.670 -1.451
41.433 -1.537 -1.621
41.458 -1.404 -1.694
41.483 -1.271 -1.840
41.508 -1.182 -1.815
41.533 -0.960 -1.840
41.558 -0.827 -1.815
41.583 -0.694 -1.791
41.608 -0.605 -1.718
41.633 -0.449 -1.548
41.658 -0.361 -1.329
41.687 -0.227 -1.038
41.712 -0.116 -0.795
41.737 -0.028 -0.503
41.762 -0.050 -0.212
41.787 -0.005 0.104
41.812 0.061 0.469
41.837 0.061 0.906
41.862 0.083 1.295
41.887 0.083 1.757
41.912 0.061 2.145
41.937 -0.005 2.534
41.962 -0.028 2.923
41.987 -0.050 3.215
42.012 -0.139 3.628
42.037 -0.205 3.968
42.062 -0.294 4.308
42.087 -0.316 4.600
42.112 -0.449 4.916
42.137 -0.538 5.134
42.162 -0.649 5.377
42.187 -0.738 5.523
42.212 -0.849 5.645
42.237 -0.938 5.669
42.262 -1.004 5.718
42.287 -1.093 5.766
42.312 -1.204 5.693
42.337 -1.226 5.596
42.362 -1.360 5.450
42.387 -1.382 5.256
42.412 -1.404 5.013
42.437 -1.471 4.721
42.462 -1.537 4.430
42.487 -1.537 4.090
42.512 -1.559 3.774
42.537 -1.537 3.385
42.562 -1.537 2.947
42.587 -1.515 2.534
42.612 -1.471 2.097
42.637 -1.448 1.684
42.662 -1.493 1.222
42.687 -1.426 0.809
42.712 -1.404 0.347
42.737 -1.337 -0.114
42.762 -1.337 -0.479
42.787 -1.271 -0.843
42.812 -1.315 -1.184
42.837 -1.226 -1.499
42.862 -1.204 -1.767
42.887 -1.160 -2.010
42.912 -1.160 -2.228
42.937 -1.115 -2.350
42.962 -1.093 -2.471
42.987 -1.027 -2.544
43.012 -1.049 -2.520
43.037 -1.049 -2.544
43.062 -0.982 -2.399
43.087 -0.982 -2.301
43.112 -0.982 -2.083
43.137 -1.004 -1.913
43.162 -1.004 -1.621
43.187 -1.049 -1.354
43.212 -1.071 -0.989
43.237 -1.027 -0.625
43.262 -1.071 -0.212
43.287 -1.160 0.129
43.312 -1.138 0.566
43.337 -1.160 1.003
43.362 -1.115 1.514
43.387 -1.249 1.951
43.412 -1.204 2.413
43.437 -1.226 2.802
43.462 -1.226 3.239
43.487 -1.204 3.628
43.514 -1.249 4.041
43.539 -1.249 4.405
43.564 -1.249 4.697
43.589 -1.204 5.061
43.614 -1.226 5.256
43.639 -1.160 5.523
43.664 -1.093 5.693
43.689 -1.093 5.766
43.714 -1.004 5.839
43.739 -1.027 5.863
43.764 -0.982 5.863
43.789 -0.938 5.766
43.814 -0.893 5.693
43.839 -0.849 5.523
43.864 -0.716 5.329
43.889 -0.694 5.110
43.914 -0.605 4.818
43.939 -0.560 4.600
43.964 -0.449 4.235
43.989 -0.405 3.895
44.014 -0.383 3.458
44.039 -0.361 3.093
44.064 -0.294 2.680
44.089 -0.272 2.170
44.114 -0.250 1.757
44.139 -0.272 1.392
44.164 -0.205 0.930
44.189 -0.205 0.590
44.214 -0.250 0.129
44.239 -0.294 -0.187
44.264 -0.272 -0.552
44.289 -0.361 -0.892
44.314 -0.405 -1.208
44.339 -0.449 -1.427
44.364 -0.538 -1.645
44.392 -0.694 -1.767
44.417 -0.782 -1.985
44.442 -0.827 -2.058
44.467 -0.960 -2.107
44.492 -1.093 -2.058
44.517 -1.138 -2.034
44.542 -1.249 -1.937
44.567 -1.360 -1.840
44.592 -1.537 -1.694
44.617 -1.648 -1.524
44.642 -1.781 -1.256
44.667 -1.892 -1.013
44.692 -1.959 -0.722
44.717 -2.026 -0.382
44.742 -2.137 -0.041
44.767 -2.203 0.323
44.792 -2.248 0.663
44.817 -2.292 1.101
44.842 -2.381 1.416
44.867 -2.381 1.708
44.892 -2.359 2.194
44.917 -2.314 2.534
44.942 -2.336 2.899
44.967 -2.314 3.215
44.992 -2.225 3.579
45.017 -2.159 3.871
45.042 -2.092 4.090
45.067 -1.937 4.332
45.092 -1.804 4.527
45.117 -1.737 4.673
45.142 -1.604 4.794
45.167 -1.382 4.891
45.192 -1.271 4.891
45.217 -1.115 4.989
45.242 -0.938 4.940
45.267 -0.760 4.916
45.292 -0.583 4.794
45.317 -0.427 4.697
45.342 -0.294 4.527
45.367 -0.072 4.332
45.392 0.039 4.114
45.417 0.194 3.919
45.442 0.350 3.676
45.467 0.505 3.385
45.492 0.616 3.117
45.517 0.705 2.826
45.542 0.772 2.534
45.567 0.816 2.194
45.592 0.794 1.902
45.617 0.816 1.538
45.642 0.816 1.271
45.667 0.794 1.003
45.692 0.683 0.712
45.717 0.638 0.469
45.742 0.594 0.226
45.767 0.439 0.007
45.792 0.328 -0.187
45.817 0.194 -0.309
45.842 -0.005 -0.479
45.867 -0.183 -0.600
45.892 -0.427 -0.698
45.917 -0.583 -0.722
45.942 -0.805 -0.795
45.967 -1.004 -0.795
45.992 -1.249 -0.746
46.017 -1.471 -0.698
46.042 -1.648 -0.600
46.067 -1.848 -0.503
46.092 -2.092 -0.284
46.117 -2.248 -0.187
46.142 -2.403 -0.017
46.167 -2.581 0.153
46.192 -2.758 0.347
46.217 -2.869 0.542
46.242 -3.025 0.809
46.267 -3.091 1.028
46.292 -3.180 1.222
46.317 -3.180 1.465
46.342 -3.247 1.708
46.367 -3.158 1.878
46.392 -3.136 2.097
46.417 -3.091 2.291
46.442 -3.002 2.486
46.467 -2.936 2.631
46.492 -2.869 2.777
46.517 -2.669 2.874
46.542 -2.536 2.996
46.567 -2.292 3.069
46.592 -2.137 3.166
46.617 -1.892 3.239
46.642 -1.670 3.288
46.667 -1.426 3.288
46.692 -1.204 3.288
46.717 -0.938 3.288
46.742 -0.694 3.263
46.767 -0.472 3.142
46.792 -0.272 3.166
46.817 0.039 3.045
46.842 0.261 2.947
46.867 0.483 2.850
46.892 0.661 2.704
46.917 0.838 2.607
46.942 1.016 2.534
46.967 1.171 2.364
46.992 1.260 2.243
47.017 1.304 2.097
47.042 1.371 1.975
47.067 1.460 1.854
47.092 1.460 1.757
47.117 1.415 1.635
47.142 1.393 1.635
47.167 1.304 1.489
47.192 1.216 1.392
47.217 1.060 1.344
47.242 0.905 1.295
47.267 0.727 1.271
47.292 0.527 1.198
47.317 0.350 1.149
47.342 0.106 1.173
47.367 -0.139 1.149
47.392 -0.405 1.198
47.417 -0.649 1.173
47.442 -0.871 1.222
47.467 -1.160 1.173
47.492 -1.448 1.222
47.517 -1.715 1.319
47.542 -1.959 1.319
47.567 -2.181 1.392
47.592 -2.381 1.392
47.617 -2.603 1.465
47.642 -2.825 1.489
47.667 -3.002 1.514
47.692 -3.136 1.538
47.717 -3.247 1.587
47.742 -3.291 1.635
47.767 -3.402 1.635
47.792 -3.491 1.708
47.817 -3.491 1.684
47.842 -3.469 1.708
47.867 -3.491 1.635
47.892 -3.446 1.611
47.917 -3.291 1.538
47.942 -3.224 1.587
47.967 -3.047 1.514
47.992 -2.914 1.538
48.017 -2.714 1.489
48.042 -2.558 1.441
48.067 -2.270 1.392
48.092 -2.092 1.344
48.117 -1.804 1.295
48.142 -1.537 1.271
48.167 -1.315 1.198
48.192 -1.027 1.222
48.217 -0.738 1.173
48.242 -0.516 1.149
48.267 -0.250 1.125
48.292 -0.028 1.125
48.317 0.239 1.173
48.342 0.372 1.198
48.367 0.661 1.198
48.392 0.794 1.271
48.417 0.994 1.295
48.442 1.127 1.392
48.467 1.260 1.441
48.492 1.327 1.562
48.517 1.393 1.611
48.542 1.371 1.708
48.567 1.393 1.854
48.592 1.393 2.000
48.617 1.349 2.097
48.642 1.304 2.243
48.667 1.193 2.340
48.692 1.038 2.461
48.717 0.905 2.534
48.742 0.727 2.680
48.767 0.594 2.826
48.792 0.372 2.947
48.817 0.150 2.996
48.842 -0.072 3.069
48.867 -0.361 3.142
48.892 -0.605 3.190
48.917 -0.827 3.263
48.942 -1.138 3.263
48.967 -1.337 3.239
48.992 -1.537 3.312
49.017 -1.737 3.288
49.042 -2.026 3.215
49.067 -2.248 3.166
49.092 -2.425 3.069
49.117 -2.536 2.947
49.142 -2.736 2.850
49.167 -2.914 2.704
49.192 -2.980 2.583
49.217 -3.047 2.389
49.242 -3.180 2.170
49.267 -3.180 2.024
49.292 -3.180 1.805
49.317 -3.136 1.538
49.342 -3.136 1.344
49.367 -3.091 1.076
49.392 -3.047 0.858
49.417 -2.914 0.639
49.442 -2.825 0.493
49.467 -2.647 0.274
49.492 -2.536 0.056
49.517 -2.359 -0.041
49.542 -2.114 -0.260
49.567 -1.937 -0.430
49.592 -1.759 -0.552
49.617 -1.559 -0.625
49.642 -1.315 -0.722
49.667 -1.071 -0.746
49.692 -0.893 -0.746
49.717 -0.649 -0.722
49.742 -0.494 -0.649
49.767 -0.316 -0.625
49.792 -0.183 -0.503
49.817 0.061 -0.382
49.842 0.217 -0.212
49.867 0.350 -0.090
49.892 0.461 0.177
49.917 0.594 0.372
49.942 0.705 0.663
49.967 0.705 0.906
49.992 0.772 1.222
50.017 0.816 1.392
50.042 0.838 1.757
50.067 0.772 2.073
50.092 0.749 2.340
50.117 0.727 2.631
50.142 0.572 2.996
50.167 0.550 3.215
50.192 0.416 3.531
50.217 0.283 3.774
50.242 0.172 4.041
50.267 -0.005 4.260
50.292 -0.205 4.405
50.317 -0.361 4.600
50.342 -0.494 4.746
50.367 -0.671 4.867
50.392 -0.849 4.891
50.417 -1.004 4.940
50.442 -1.182 4.940
50.467 -1.360 4.916
50.492 -1.471 4.891
50.517 -1.604 4.746
50.542 -1.804 4.600
50.567 -1.892 4.405
50.592 -2.026 4.187
50.617 -2.114 3.968
50.642 -2.225 3.652
50.667 -2.292 3.361
50.692 -2.336 3.045
50.717 -2.292 2.729
50.742 -2.336 2.437
50.767 -2.336 2.073
50.792 -2.336 1.659
50.817 -2.270 1.222
50.842 -2.270 0.882
50.867 -2.203 0.493
50.892 -2.114 0.129
50.917 -2.070 -0.187
50.942 -2.003 -0.527
50.967 -1.915 -0.819
50.992 -1.804 -1.013
51.017 -1.693 -1.329
51.042 -1.626 -1.548
51.067 -1.426 -1.742
51.092 -1.360 -1.791
51.117 -1.226 -1.985
51.142 -1.071 -2.010
51.167 -0.982 -2.058
51.192 -0.916 -1.985
51.217 -0.849 -1.913
51.242 -0.716 -1.815
51.267 -0.605 -1.694
51.292 -0.516 -1.499
51.317 -0.472 -1.305
51.342 -0.405 -0.989
51.367 -0.383 -0.722
51.392 -0.338 -0.382
51.417 -0.316 -0.041
51.442 -0.294 0.323
51.467 -0.161 0.712
51.492 -0.205 1.173
51.517 -0.227 1.514
51.542 -0.294 1.878
51.567 -0.294 2.340
51.592 -0.338 2.826
51.617 -0.338 3.190
51.642 -0.472 3.555
51.667 -0.472 3.944
51.692 -0.516 4.284
51.717 -0.583 4.575
51.742 -0.627 4.916
51.767 -0.694 5.159
51.792 -0.805 5.353
51.817 -0.849 5.547
51.842 -0.871 5.693
51.867 -0.938 5.766
51.892 -1.049 5.839
51.917 -1.049 5.790
51.942 -1.115 5.742
51.967 -1.160 5.596
51.992 -1.226 5.475
52.017 -1.204 5.304
52.042 -1.226 5.159
52.067 -1.204 4.818
52.092 -1.204 4.575
52.117 -1.182 4.211
52.142 -1.204 3.846
52.167 -1.182 3.482
52.192 -1.204 3.093
52.217 -1.204 2.656
52.242 -1.204 2.218
52.267 -1.138 1.830
52.292 -1.138 1.368
52.317 -1.138 0.906
52.342 -1.093 0.445
52.367 -1.049 0.056
52.392 -1.093 -0.309
52.417 -1.027 -0.698
52.442 -1.071 -1.062
52.467 -0.982 -1.378
52.492 -0.960 -1.621
52.517 -1.004 -1.815
52.542 -1.004 -2.010
52.567 -0.982 -2.180
52.592 -1.004 -2.301
52.617 -1.027 -2.423
52.642 -1.049 -2.399
52.667 -1.049 -2.399
52.692 -1.182 -2.301
52.717 -1.138 -2.204
52.742 -1.204 -1.985
52.767 -1.204 -1.840
52.792 -1.226 -1.572
52.817 -1.249 -1.354
52.842 -1.293 -0.989
52.867 -1.293 -0.673
52.892 -1.337 -0.309
52.917 -1.382 0.056
52.942 -1.404 0.517
52.967 -1.404 0.906
52.992 -1.448 1.344
53.017 -1.493 1.805
53.042 -1.537 2.243
53.067 -1.537 2.656
53.092 -1.493 3.117
53.117 -1.515 3.433
53.142 -1.471 3.846
53.167 -1.515 4.138
53.192 -1.559 4.478
53.217 -1.426 4.746
53.242 -1.426 5.013
53.267 -1.337 5.207
53.292 -1.293 5.402
53.317 -1.204 5.499
53.342 -1.182 5.547
53.367 -1.027 5.620
53.392 -1.004 5.669
53.417 -0.893 5.596
53.442 -0.805 5.547
53.467 -0.671 5.377
53.492 -0.649 5.183
53.517 -0.494 4.964
53.542 -0.449 4.721
53.567 -0.383 4.430
53.592 -0.294 4.138
53.617 -0.205 3.774
53.642 -0.116 3.458
53.667 -0.050 3.069
53.692 -0.005 2.704
53.717 0.039 2.340
53.742 0.017 1.975
53.767 0.083 1.538
53.792 0.061 1.222
53.817 0.083 0.809
53.842 -0.005 0.469
53.867 0.017 0.104
53.892 -0.050 -0.212
53.917 -0.116 -0.552
53.942 -0.250 -0.819
53.967 -0.316 -1.038
53.992 -0.405 -1.232
54.017 -0.472 -1.427
54.042 -0.605 -1.548
54.067 -0.716 -1.670
54.092 -0.916 -1.670
54.117 -1.004 -1.742
54.142 -1.138 -1.694
54.167 -1.337 -1.621
54.192 -1.426 -1.548
54.217 -1.582 -1.451
54.242 -1.737 -1.256
54.267 -1.848 -1.062
54.292 -1.981 -0.819
54.317 -2.114 -0.600
54.342 -2.248 -0.333
54.367 -2.314 -0.066
54.392 -2.381 0.274
54.417 -2.470 0.590
54.442 -2.581 0.955
54.467 -2.558 1.295
54.492 -2.581 1.635
54.517 -2.558 1.902
54.542 -2.581 2.267
54.567 -2.581 2.583
54.592 -2.558 2.874
54.617 -2.447 3.166
54.642 -2.381 3.433
54.667 -2.292 3.652
54.692 -2.159 3.919
54.717 -2.003 4.090
54.742 -1.915 4.187
54.767 -1.759 4.284
54.792 -1.559 4.430
54.817 -1.337 4.527
54.842 -1.204 4.503
54.867 -0.960 4.551
54.892 -0.827 4.503
54.917 -0.605 4.357
54.942 -0.449 4.308
54.967 -0.272 4.211
54.992 -0.050 4.017
55.017 0.106 3.871
55.042 0.283 3.701
55.067 0.461 3.433
55.092 0.572 3.288
55.117 0.661 3.045
55.142 0.727 2.777
55.167 0.838 2.510
55.192 0.971 2.291
55.217 0.971 2.024
55.242 0.971 1.781
55.267 0.994 1.562
55.292 0.927 1.319
55.317 0.883 1.052
55.342 0.860 0.858
55.367 0.727 0.663
55.392 0.594 0.493
55.417 0.416 0.323
55.442 0.261 0.153
55.467 0.172 0.031
55.492 -0.072 0.007
55.517 -0.250 -0.090
55.542 -0.516 -0.187
55.567 -0.649 -0.236
55.592 -0.893 -0.236
55.617 -1.093 -0.187
55.642 -1.382 -0.163
55.667 -1.559 -0.139
55.692 -1.826 -0.066
55.717 -2.048 0.056
55.742 -2.181 0.201
55.767 -2.381 0.323
55.792 -2.603 0.469
55.817 -2.714 0.590
55.842 -2.936 0.760
55.867 -3.025 0.858
55.892 -3.136 1.101
55.917 -3.202 1.222
55.942 -3.269 1.416
55.967 -3.291 1.587
55.992 -3.335 1.732
56.017 -3.202 1.854
56.042 -3.202 2.048
56.067 -3.158 2.194
56.092 -3.113 2.291
56.117 -2.936 2.389
56.142 -2.825 2.534
56.167 -2.603 2.583
56.192 -2.536 2.631
56.217 -2.270 2.656
56.242 -2.048 2.704
56.267 -1.826 2.680
56.292 -1.626 2.729
56.317 -1.382 2.680
56.342 -1.093 2.729
56.367 -0.849 2.680
56.392 -0.627 2.607
56.417 -0.294 2.631
56.442 -0.072 2.559
56.467 0.150 2.510
56.492 0.372 2.486
56.517 0.572 2.364
56.542 0.772 2.340
56.567 0.905 2.218
56.592 1.082 2.194
56.617 1.171 2.097
56.642 1.260 2.024
56.667 1.393 2.024
56.692 1.415 1.902
56.717 1.460 1.830
56.742 1.415 1.805
56.767 1.393 1.732
56.792 1.327 1.781
56.817 1.216 1.732
56.842 1.082 1.659
56.867 0.971 1.684
56.892 0.794 1.659
56.917 0.638 1.611
56.942 0.394 1.611
56.967 0.217 1.635
56.992 0.017 1.659
57.017 -0.250 1.708
57.042 -0.494 1.757
57.067 -0.782 1.757
57.092 -1.049 1.805
57.117 -1.293 1.830
57.142 -1.515 1.830
57.167 -1.781 1.805
57.192 -2.048 1.805
57.217 -2.292 1.854
57.242 -2.470 1.902
57.267 -2.669 1.854
57.292 -2.914 1.854
57.317 -3.002 1.805
57.342 -3.113 1.854
57.367 -3.224 1.805
57.392 -3.313 1.805
57.417 -3.402 1.732
57.442 -3.402 1.732
57.467 -3.402 1.635
57.492 -3.380 1.587
57.517 -3.335 1.538
57.542 -3.269 1.416
57.567 -3.180 1.271
57.592 -3.047 1.222
57.617 -2.936 1.149
57.642 -2.736 1.101
57.667 -2.536 1.028
57.692 -2.425 0.955
57.717 -2.137 0.882
57.742 -1.981 0.785
57.767 -1.648 0.809
57.792 -1.471 0.760
57.817 -1.182 0.615
57.842 -0.938 0.639
57.867 -0.627 0.687
57.892 -0.427 0.590
57.917 -0.227 0.639
57.942 0.017 0.663
57.967 0.217 0.712
57.992 0.439 0.809
58.017 0.572 0.882
58.042 0.772 0.979
58.067 0.905 1.076
58.092 1.016 1.198
58.117 1.193 1.319
58.142 1.193 1.514
58.167 1.193 1.587
58.192 1.282 1.781
58.217 1.238 1.902
58.242 1.238 2.097
58.267 1.193 2.243
58.292 1.105 2.461
58.317 0.994 2.583
58.342 0.860 2.826
58.367 0.727 2.947
58.392 0.550 3.045
58.417 0.372 3.190
58.442 0.128 3.336
58.467 -0.072 3.458
58.492 -0.227 3.531
58.517 -0.472 3.555
58.542 -0.716 3.676
58.567 -0.960 3.701
58.592 -1.182 3.701
58.617 -1.382 3.701
58.642 -1.559 3.676
58.667 -1.781 3.603
58.692 -1.959 3.555
58.717 -2.248 3.433
58.742 -2.359 3.312
58.767 -2.514 3.190
58.792 -2.603 2.996
58.817 -2.714 2.874
58.842 -2.847 2.656
58.867 -2.891 2.389
58.892 -2.936 2.121
58.917 -2.936 1.927
58.942 -2.958 1.659
58.967 -2.936 1.392
58.992 -2.914 1.101
59.017 -2.847 0.882
59.042 -2.780 0.615
59.067 -2.647 0.323
59.092 -2.558 0.129
59.117 -2.425 -0.090
59.142 -2.292 -0.284
59.167 -2.114 -0.455
59.192 -1.937 -0.673
59.217 -1.759 -0.795
59.242 -1.604 -0.965
59.267 -1.448 -1.062
59.292 -1.249 -1.038
59.317 -1.027 -1.086
59.342 -0.871 -1.086
59.367 -0.716 -1.038
59.392 -0.449 -1.013
59.417 -0.338 -0.868
59.442 -0.161 -0.746
59.467 -0.050 -0.552
59.492 0.039 -0.382
59.517 0.194 -0.212
59.542 0.305 0.080
59.567 0.350 0.323
59.592 0.416 0.615
59.617 0.461 0.906
59.642 0.550 1.246
59.667 0.505 1.514
59.692 0.505 1.878
59.717 0.461 2.218
59.742 0.416 2.559
59.767 0.372 2.826
59.792 0.305 3.190
59.817 0.217 3.482
59.842 0.106 3.749
59.867 0.017 4.065
59.892 -0.094 4.308
59.917 -0.227 4.503
59.942 -0.405 4.721
59.967 -0.538 4.916
59.992 -0.649 5.013
60.017 -0.805 5.110
60.042 -0.938 5.134
60.067 -1.027 5.183
60.092 -1.204 5.159
60.117 -1.293 5.086
60.142 -1.493 4.964
60.167 -1.604 4.818
60.192 -1.670 4.673
60.217 -1.737 4.478
60.242 -1.804 4.235
60.267 -1.848 3.944
60.292 -1.892 3.628
60.317 -1.981 3.288
60.342 -1.981 2.947
60.367 -2.070 2.534
60.392 -2.070 2.170
60.417 -1.981 1.805
60.442 -1.981 1.416
60.467 -1.981 1.101
60.492 -1.937 0.639
60.517 -1.892 0.274
60.542 -1.804 -0.090
60.567 -1.759 -0.430
60.592 -1.759 -0.770
60.617 -1.648 -1.013
60.642 -1.515 -1.281
60.667 -1.471 -1.548
60.692 -1.404 -1.742
60.717 -1.315 -1.913
60.742 -1.204 -2.058
60.767 -1.138 -2.107
60.792 -1.138 -2.107
60.817 -1.027 -2.107
60.842 -0.893 -2.058
60.867 -0.893 -2.010
60.892 -0.827 -1.791
60.917 -0.782 -1.645
60.942 -0.716 -1.451
60.967 -0.671 -1.208
60.992 -0.649 -0.941
61.017 -0.649 -0.600
61.042 -0.649 -0.309
61.067 -0.605 0.104
61.092 -0.538 0.469
61.117 -0.494 0.882
61.142 -0.560 1.271
61.167 -0.560 1.732
61.192 -0.583 2.121
61.217 -0.649 2.583
61.242 -0.694 2.947
61.267 -0.671 3.312
61.292 -0.694 3.725
61.317 -0.760 4.065
61.342 -0.805 4.405
61.367 -0.827 4.697
61.392 -0.893 4.940
61.417 -0.960 5.207
61.442 -0.893 5.426
61.467 -0.916 5.572
61.493 -0.938 5.718
61.518 -0.938 5.742
61.543 -1.027 5.766
61.568 -1.004 5.718
61.593 -1.004 5.620
61.618 -1.049 5.523
61.643 -1.049 5.402
61.668 -1.027 5.159
61.693 -0.982 4.916
61.718 -1.004 4.648
61.743 -0.982 4.357
61.768 -0.871 3.968
61.793 -0.916 3.676
61.818 -0.893 3.288
61.843 -0.849 2.874
61.868 -0.871 2.461
61.893 -0.827 2.024
61.918 -0.805 1.587
61.943 -0.805 1.125
61.968 -0.782 0.712
61.993 -0.827 0.323
62.018 -0.760 -0.090
62.043 -0.760 -0.382
62.068 -0.782 -0.770
62.093 -0.849 -1.062
62.118 -0.849 -1.329
62.143 -0.805 -1.572
62.168 -0.827 -1.791
62.193 -0.871 -1.937
62.218 -0.938 -2.058
62.243 -0.982 -2.131
62.268 -1.004 -2.228
62.293 -1.115 -2.180
62.318 -1.115 -2.156
62.343 -1.160 -2.034
62.368 -1.204 -1.937
62.393 -1.293 -1.742
62.418 -1.360 -1.572
62.443 -1.360 -1.281
62.468 -1.471 -1.038
62.493 -1.604 -0.746
62.518 -1.648 -0.357
62.543 -1.648 0.007
62.568 -1.715 0.323
62.593 -1.759 0.736
62.618 -1.737 1.125
62.643 -1.804 1.562
62.668 -1.804 1.975
62.693 -1.781 2.340
62.718 -1.804 2.729
62.743 -1.804 3.069
62.768 -1.781 3.458
62.793 -1.759 3.846
62.818 -1.737 4.114
62.843 -1.626 4.430
62.868 -1.559 4.624
62.893 -1.493 4.843
62.918 -1.426 5.013
62.943 -1.382 5.207
62.968 -1.249 5.280
62.993 -1.138 5.353
63.018 -1.049 5.353
63.043 -0.916 5.329
63.068 -0.782 5.256
63.093 -0.649 5.159
