t / s	&J_A21 / °C
0	20,7
1	20,6
2	20,8
3	20,7
4	20,5
5	20,8
6	20,8
7	20,8
8	20,5
9	20,8
10	20,7
11	20,5
12	20,7
13	20,8
14	20,8
15	20,7
16	20,7
17	20,8
18	20,5
19	20,7
20	20,5
21	20,7
22	20,8
23	20,8
24	20,7
25	20,7
26	20,8
27	20,4
28	20,8
29	20,7
30	20,7
31	20,7
32	20,6
33	20,6
34	20,7
35	20,7
36	20,8
37	20,9
38	20,8
39	20,8
40	20,8
41	20,8
42	20,8
43	20,8
44	20,7
45	20,8
46	20,5
47	20,8
48	20,8
49	20,9
50	20,8
51	20,8
52	20,8
53	20,8
54	20,8
55	20,8
56	20,8
57	20,7
58	20,7
59	20,6
60	20,6
61	20,5
62	20,5
63	20,6
64	20,7
65	20,8
66	19,0
67	20,8
68	20,5
69	20,5
70	20,8
71	20,9
72	20,4
73	20,7
74	20,7
75	20,7
76	20,6
77	20,2
78	20,0
79	20,1
80	20,1
81	20,0
82	19,6
83	19,3
84	19,3
85	18,8
86	18,6
87	18,3
88	17,8
89	17,9
90	17,5
91	17,4
92	17,1
93	16,4
94	16,2
95	15,7
96	15,7
97	15,5
98	15,4
99	15,0
100	14,8
101	14,6
102	14,7
103	14,4
104	14,1
105	13,8
106	13,6
107	13,2
108	13,0
109	12,7
110	12,4
111	12,3
112	11,6
113	11,7
114	11,3
115	11,0
116	10,5
117	11,1
118	11,0
119	10,4
120	10,0
121	9,9
122	9,1
123	9,4
124	9,2
125	8,8
126	8,4
127	8,9
128	8,0
129	7,7
130	7,8
131	7,7
132	7,6
133	7,2
134	7,0
135	7,0
136	6,6
137	6,0
138	5,4
139	6,0
140	5,9
141	5,6
142	5,1
143	4,0
144	3,9
145	4,7
146	4,6
147	4,7
148	4,1
149	3,5
150	4,0
151	3,8
152	3,8
153	3,7
154	2,5
155	3,2
156	2,6
157	2,9
158	2,5
159	2,1
160	2,0
161	1,9
162	1,9
163	1,2
164	1,4
165	1,4
166	1,0
167	0,1
168	0,1
169	-0,1
170	0,0
171	0,6
172	0,9
173	-1,0
174	-0,8
175	-1,4
176	-1,4
177	-1,5
178	-1,7
179	-2,1
180	-2,4
181	-2,6
182	-2,9
183	-2,7
184	-1,8
185	-2,1
186	-1,7
187	-0,7
188	-0,7
189	-1,8
190	-2,0
191	-1,0
192	-0,5
193	-1,6
194	-1,5
195	-1,7
196	-1,5
197	-1,5
198	-1,5
199	-2,8
200	-2,6
201	-1,5
202	-1,7
203	-1,5
204	-0,6
205	-1,8
206	-2,5
207	-1,4
208	-2,4
209	-1,7
210	-2,4
211	-1,9
212	-0,8
213	-0,8
214	-1,9
215	-1,6
216	-2,0
217	-1,7
218	-1,7
219	-1,5
220	-1,6
221	-1,9
222	-2,0
223	-1,5
224	-2,5
225	-1,4
226	-1,8
227	-2,1
228	-2,3
229	-1,6
230	-1,6
231	-1,7
232	-0,7
233	-2,2
234	-1,8
235	-1,5
236	-1,9
237	-2,4
238	-1,7
239	-1,6
240	-1,5
241	-1,6
242	-1,5
243	-1,6
244	-1,8
245	-2,0
246	-1,5
247	-2,5
248	-1,6
249	-1,6
250	-1,7
251	-1,7
252	-2,4
253	-1,6
254	-1,8
255	-1,5
256	-1,8
257	-1,6
258	-1,8
259	-1,7
260	-1,7
261	-2,4
262	-2,5
263	-1,5
264	-1,6
265	-2,0
266	-1,9
267	-1,6
268	-1,7
269	-1,5
270	-1,7
271	-1,7
272	-1,9
273	-2,9
274	-2,0
275	-1,5
276	-1,7
277	-1,6
278	-1,9
279	-1,6
280	-2,4
281	-2,3
282	-1,6
283	-2,3
284	-2,4
285	-1,7
286	-1,9
287	-1,6
288	-1,7
289	-1,9
290	-1,5
291	-1,8
292	-2,5
293	-2,1
294	-2,0
295	-1,5
296	-1,9
297	-1,7
298	-2,0
299	-1,9
300	-1,6
301	-1,7
302	-1,9
303	-2,1
304	-1,8
305	-1,9
306	-0,8
307	-2,0
308	-2,5
309	-1,7
310	-2,1
311	-0,9
312	-0,8
313	-1,6
314	-2,1
315	-2,1
316	-1,9
317	-2,0
318	-1,7
319	-1,5
320	-1,7
321	-1,7
322	-1,8
323	-1,6
324	-2,1
325	-1,6
326	-1,6
327	-1,6
328	-1,8
329	-1,7
330	-1,7
331	-1,6
332	-1,7
333	-1,2
334	-1,7
335	-2,1
336	-2,0
337	-2,6
338	-2,6
339	-2,3
340	-2,7
341	-1,5
342	-1,6
343	-2,0
344	-1,5
345	-1,6
346	-1,7
347	-1,6
348	-2,3
349	-1,8
350	-1,9
351	-2,0
352	-2,0
353	-1,4
354	-3,0
355	-2,0
356	-1,6
357	-2,1
358	-2,3
359	-2,0
360	-1,7
361	-1,8
362	-1,7
363	-1,6
364	-1,8
365	-0,5
366	-2,3
367	-1,8
368	-1,9
369	-1,6
370	-1,8
371	-1,8
372	-1,6
373	-1,7
374	-2,5
375	-1,8
376	-1,8
377	-1,7
378	-2,1
379	-1,7
380	-1,5
381	-1,7
382	-2,4
383	-1,9
384	-1,7
385	-1,8
386	-2,0
387	-2,0
388	-1,8
389	-2,3
390	-2,0
391	-3,9
392	-1,7
393	-3,1
394	-2,3
395	-2,1
396	-2,6
397	-3,1
398	-2,6
399	-2,7
400	-3,1
401	-2,9
402	-3,0
403	-3,1
404	-2,0
405	-4,1
406	-3,8
407	-3,8
408	-4,1
409	-4,1
410	-4,6
411	-4,9
412	-5,3
413	-5,0
414	-6,1
415	-5,4
416	-5,4
417	-5,9
418	-6,4
419	-7,2
420	-7,3
421	-7,2
422	-7,4
423	-8,0
424	-8,2
425	-9,3
426	-8,6
427	-9,4
428	-10,0
429	-9,6
430	-9,7
431	-10,2
432	-10,2
433	-11,5
434	-11,8
435	-10,2
436	-13,5
437	-13,1
438	-13,0
439	-12,5
440	-13,0
441	-13,1
442	-15,1
443	-15,2
444	-14,4
445	-13,8
446	-12,1
447	-14,1
448	-14,4
449	-14,6
450	-13,8
451	-15,1
452	-15,2
453	-15,6
454	-15,7
455	-15,6
456	-16,8
457	-16,6
458	-16,8
459	-16,6
460	-16,8
461	-16,6
462	-16,6
463	-15,0
464	-17,0
465	-17,1
466	-17,2
467	-17,7
468	-17,6
469	-17,7
470	-17,7
471	-17,9
472	-18,4
473	-18,1
474	-18,0
475	-18,8
476	-18,8
477	-19,6
478	-18,8
479	-19,1
480	-20,0
481	-18,9
482	-19,6
483	-19,3
484	-20,4
485	-19,6
486	-20,0
487	-20,0
488	-20,1
489	-22,3
490	-20,0
491	-20,2
492	-20,1
493	-20,9
494	-20,6
495	-20,5
496	-20,5
497	-20,7
498	-20,9
499	-21,1
500	-21,8
501	-21,4
502	-21,4
503	-21,3
504	-21,8
505	-22,8
506	-22,1
507	-22,3
508	-22,1
509	-21,0
510	-23,1
511	-22,2
512	-20,1
513	-22,6
514	-22,3
515	-22,3
516	-22,4
517	-22,6
518	-22,4
519	-22,6
520	-22,6
521	-20,5
522	-23,0
523	-24,0
524	-22,9
525	-23,0
526	-23,1
527	-23,0
528	-22,8
529	-22,8
530	-23,0
531	-23,1
532	-23,0
533	-23,3
534	-23,1
535	-23,7
536	-23,1
537	-24,6
538	-24,2
539	-24,4
540	-23,5
541	-23,7
542	-23,7
543	-23,6
544	-23,5
545	-23,7
546	-23,7
547	-24,4
548	-23,8
549	-23,8
550	-25,1
551	-23,7
552	-24,0
553	-24,6
554	-24,9
555	-23,8
556	-24,0
557	-24,6
558	-24,0
559	-23,8
560	-24,2
561	-25,1
562	-24,1
563	-24,5
564	-22,6
565	-24,5
566	-24,7
567	-24,5
568	-25,2
569	-25,2
570	-24,9
571	-24,9
572	-22,8
573	-24,9
574	-25,4
575	-25,1
576	-25,4
577	-24,7
578	-24,8
579	-24,9
580	-24,7
581	-24,7
582	-25,2
583	-23,5
584	-25,0
585	-25,2
586	-25,4
587	-26,0
588	-26,0
589	-24,9
590	-22,7
591	-25,0
592	-25,0
593	-25,4
594	-25,8
595	-25,6
596	-25,3
597	-24,0
598	-25,4
599	-25,1
600	-24,9
601	-24,7
602	-24,8
603	-26,2
604	-24,9
605	-24,9
606	-25,2
607	-23,4
608	-25,6
609	-24,9
610	-26,4
611	-25,1
612	-25,1
613	-26,1
614	-26,0
615	-25,1
616	-25,2
617	-26,8
618	-25,8
619	-25,6
620	-25,5
621	-25,6
622	-25,9
623	-26,7
624	-25,5
625	-25,5
626	-25,6
627	-25,2
628	-25,9
629	-25,6
630	-25,5
631	-23,3
632	-25,6
633	-25,4
634	-26,5
635	-26,5
636	-25,6
637	-25,4
638	-26,6
639	-26,9
640	-25,6
641	-25,4
642	-25,6
643	-25,6
644	-25,8
645	-25,6
646	-25,6
647	-26,1
648	-26,6
649	-25,8
650	-26,0
651	-28,6
652	-25,8
653	-25,6
654	-25,4
655	-24,8
656	-25,5
657	-25,6
658	-25,8
659	-25,8
660	-25,8
661	-27,2
662	-25,6
663	-27,5
664	-25,6
665	-25,6
666	-25,8
667	-23,6
668	-26,1
669	-26,9
670	-26,8
671	-26,5
672	-25,8
673	-26,3
674	-25,9
675	-26,3
676	-25,8
677	-26,3
678	-25,8
679	-26,2
680	-23,7
681	-26,3
682	-26,9
683	-26,7
684	-26,5
685	-25,8
686	-26,2
687	-25,6
688	-25,9
689	-26,2
690	-26,0
691	-26,9
692	-25,8
693	-25,0
694	-25,9
695	-26,4
696	-26,5
697	-24,2
698	-23,8
699	-27,0
700	-26,1
701	-26,2
702	-26,7
703	-26,4
704	-26,5
705	-26,5
706	-24,2
707	-26,5
708	-26,0
709	-26,2
710	-26,7
711	-26,5
712	-26,1
713	-26,3
714	-24,5
715	-26,5
716	-24,0
717	-26,6
718	-25,8
719	-26,2
720	-26,8
721	-27,2
722	-26,0
723	-26,9
724	-26,0
725	-26,3
726	-26,0
727	-26,0
728	-26,2
729	-26,5
730	-26,0
731	-26,5
732	-26,0
733	-26,1
734	-26,3
735	-26,9
736	-27,3
737	-26,2
738	-27,4
739	-27,6
740	-26,3
741	-28,1
742	-26,3
743	-26,1
744	-26,3
745	-24,2
746	-26,4
747	-27,2
748	-26,0
749	-26,3
750	-26,4
751	-26,5
752	-26,2
753	-26,3
754	-26,1
755	-26,2
756	-26,0
757	-26,4
758	-24,4
759	-26,2
760	-24,1
761	-27,5
762	-26,3
763	-26,2
764	-26,5
765	-26,1
766	-26,3
767	-26,6
768	-26,5
769	-26,4
770	-26,3
771	-26,9
772	-26,3
773	-26,7
774	-26,3
775	-26,3
776	-26,9
777	-26,3
778	-26,7
779	-26,9
780	-26,5
781	-26,4
782	-27,0
783	-26,2
784	-26,5
785	-26,5
786	-27,6
787	-26,1
788	-27,8
789	-26,3
790	-26,5
791	-26,3
792	-26,5
793	-27,6
794	-26,9
795	-26,3
796	-26,7
797	-26,4
798	-27,2
799	-27,5
800	-26,3
801	-27,6
802	-24,1
803	-26,3
804	-26,2
805	-27,1
806	-27,3
807	-29,7
808	-26,3
809	-28,8
810	-26,3
811	-26,1
812	-26,3
813	-26,3
814	-26,9
815	-26,5
816	-26,9
817	-26,1
818	-27,1
819	-26,3
820	-26,3
821	-26,9
822	-27,8
823	-26,7
824	-28,6
825	-28,3
826	-26,5
827	-26,3
828	-26,1
829	-26,6
830	-25,9
831	-26,5
832	-26,6
833	-26,7
834	-26,4
835	-28,0
836	-27,6
837	-26,3
838	-26,0
839	-26,0
840	-27,0
841	-28,0
842	-26,4
843	-24,3
844	-24,3
845	-26,5
846	-26,4
847	-26,8
848	-26,2
849	-26,2
850	-24,7
851	-25,8
852	-25,8
853	-25,9
854	-26,1
855	-26,3
856	-26,2
857	-26,0
858	-26,3
859	-26,5
860	-26,1
861	-27,1
862	-27,1
863	-24,2
864	-26,1
865	-26,0
866	-26,5
867	-26,3
868	-27,1
869	-24,0
870	-24,5
871	-26,1
872	-27,5
873	-26,2
874	-26,5
875	-26,5
876	-26,3
877	-26,1
878	-26,3
879	-26,5
880	-26,0
881	-26,1
882	-26,2
883	-26,3
884	-27,1
885	-25,8
886	-26,6
887	-27,3
888	-24,0
889	-26,8
890	-26,2
891	-25,6
892	-26,5
893	-24,5
894	-26,5
895	-26,3
896	-26,3
897	-24,7
898	-27,1
899	-26,3
900	-26,5
901	-26,3
902	-26,9
903	-26,8
904	-26,8
905	-28,4
906	-26,3
907	-26,7
908	-27,0
909	-26,9
910	-26,5
911	-27,1
912	-26,1
913	-26,4
914	-26,3
915	-26,7
916	-26,1
917	-27,9
918	-24,5
919	-26,6
920	-26,3
921	-26,7
922	-26,7
923	-26,5
924	-26,3
925	-26,1
926	-26,9
927	-27,6
928	-26,4
929	-24,0
930	-23,8
931	-26,5
932	-26,4
933	-26,7
934	-26,1
935	-26,0
936	-26,2
937	-26,2
938	-25,9
939	-27,2
940	-26,4
941	-25,9
942	-25,9
943	-26,0
944	-26,1
945	-26,2
946	-26,2
947	-26,2
948	-26,1
949	-27,4
950	-27,6
951	-26,2
952	-26,0
953	-26,0
954	-26,4
955	-26,4
956	-26,2
957	-26,2
958	-26,1
959	-26,1
960	-26,0
961	-26,9
962	-26,3
963	-27,2
964	-27,1
965	-24,0
966	-23,7
967	-26,0
968	-26,0
969	-26,7
970	-24,3
971	-26,2
972	-26,2
973	-26,9
974	-26,2
975	-27,3
976	-26,2
977	-26,3
978	-26,0
979	-26,1
980	-26,6
981	-26,5
982	-27,6
983	-27,5
984	-26,2
985	-26,1
986	-26,3
987	-26,3
988	-26,7
989	-26,3
990	-26,5
991	-26,5
992	-27,5
993	-26,3
994	-26,1
995	-26,0
996	-25,0
997	-25,0
998	-26,3
999	-26,5
1000	-26,2
