E_1 / keV	N_1	E_2 / keV	N_2	E_3 / keV	N_3	E_4 / keV	N_4	E_5 / keV	N_5	E_6 / keV	N_6	E_8 / keV	N_8
-0.98	0	-0.98	0	-0.98	0	-0.98	0	-0.98	0	-0.98	0	-0.98	0
-0.92	0	-0.92	0	-0.92	0	-0.92	0	-0.92	0	-0.92	0	-0.92	0
-0.85	0	-0.85	0	-0.85	0	-0.85	0	-0.85	0	-0.85	0	-0.85	0
-0.78	0	-0.78	0	-0.78	0	-0.78	0	-0.78	0	-0.78	0	-0.78	0
-0.72	0	-0.72	0	-0.72	0	-0.72	0	-0.72	0	-0.72	0	-0.72	0
-0.65	0	-0.65	0	-0.65	0	-0.65	0	-0.65	0	-0.65	0	-0.65	0
-0.58	0	-0.58	0	-0.58	0	-0.58	0	-0.58	0	-0.58	0	-0.58	0
-0.52	0	-0.52	0	-0.52	0	-0.52	0	-0.52	0	-0.52	0	-0.52	0
-0.45	0	-0.45	0	-0.45	0	-0.45	0	-0.45	0	-0.45	0	-0.45	0
-0.39	0	-0.39	0	-0.39	0	-0.39	0	-0.39	0	-0.39	0	-0.39	0
-0.32	0	-0.32	0	-0.32	0	-0.32	0	-0.32	0	-0.32	0	-0.32	0
-0.25	0	-0.25	0	-0.25	0	-0.25	0	-0.25	0	-0.25	0	-0.25	0
-0.19	0	-0.19	0	-0.19	0	-0.19	0	-0.19	0	-0.19	0	-0.19	0
-0.12	0	-0.12	0	-0.12	0	-0.12	0	-0.12	0	-0.12	0	-0.12	0
-0.05	0	-0.05	0	-0.05	0	-0.05	0	-0.05	0	-0.05	0	-0.05	0
0.01	0	0.01	0	0.01	0	0.01	0	0.01	0	0.01	0	0.01	0
0.08	0	0.08	0	0.08	0	0.08	0	0.08	0	0.08	3	0.08	0
0.15	0	0.15	0	0.15	0	0.15	0	0.15	0	0.15	1	0.15	0
0.21	0	0.21	0	0.21	1	0.21	0	0.21	0	0.21	3	0.21	0
0.28	0	0.28	0	0.28	0	0.28	0	0.28	0	0.28	5	0.28	0
0.35	0	0.35	0	0.35	0	0.35	0	0.35	0	0.35	5	0.35	0
0.41	0	0.41	0	0.41	1	0.41	0	0.41	0	0.41	9	0.41	0
0.48	0	0.48	0	0.48	1	0.48	0	0.48	0	0.48	15	0.48	0
0.55	0	0.55	0	0.55	1	0.55	1	0.55	0	0.55	18	0.55	0
0.61	0	0.61	0	0.61	3	0.61	0	0.61	0	0.61	23	0.61	0
0.68	0	0.68	0	0.68	4	0.68	3	0.68	0	0.68	29	0.68	0
0.75	0	0.75	0	0.75	6	0.75	0	0.75	0	0.75	28	0.75	0
0.81	0	0.81	0	0.81	3	0.81	4	0.81	0	0.81	55	0.81	0
0.88	0	0.88	0	0.88	6	0.88	8	0.88	0	0.88	42	0.88	0
0.95	0	0.95	0	0.95	4	0.95	15	0.95	0	0.95	64	0.95	0
1.01	0	1.01	0	1.01	8	1.01	27	1.01	0	1.01	76	1.01	0
1.08	1	1.08	0	1.08	11	1.08	24	1.08	1	1.08	91	1.08	0
1.15	0	1.15	0	1.15	4	1.15	38	1.15	0	1.15	95	1.15	0
1.21	0	1.21	0	1.21	10	1.21	48	1.21	0	1.21	98	1.21	0
1.28	3	1.28	0	1.28	1	1.28	79	1.28	3	1.28	140	1.28	0
1.35	0	1.35	1	1.35	7	1.35	65	1.35	3	1.35	159	1.35	0
1.41	2	1.41	2	1.41	7	1.41	94	1.41	2	1.41	147	1.41	1
1.48	2	1.48	0	1.48	8	1.48	92	1.48	6	1.48	177	1.48	2
1.55	3	1.55	1	1.55	11	1.55	105	1.55	5	1.55	172	1.55	1
1.61	6	1.61	4	1.61	11	1.61	113	1.61	6	1.61	178	1.61	1
1.68	2	1.68	3	1.68	11	1.68	94	1.68	6	1.68	156	1.68	0
1.75	3	1.75	5	1.75	11	1.75	101	1.75	11	1.75	179	1.75	1
1.81	4	1.81	0	1.81	16	1.81	102	1.81	9	1.81	188	1.81	0
1.88	4	1.88	4	1.88	13	1.88	115	1.88	17	1.88	159	1.88	2
1.95	5	1.95	2	1.95	19	1.95	122	1.95	6	1.95	135	1.95	2
2.01	5	2.01	3	2.01	18	2.01	109	2.01	5	2.01	115	2.01	0
2.08	7	2.08	4	2.08	8	2.08	117	2.08	5	2.08	110	2.08	3
2.15	6	2.15	4	2.15	9	2.15	130	2.15	6	2.15	96	2.15	0
2.21	7	2.21	6	2.21	10	2.21	112	2.21	9	2.21	101	2.21	4
2.28	9	2.28	5	2.28	15	2.28	119	2.28	17	2.28	79	2.28	2
2.34	5	2.34	2	2.34	5	2.34	98	2.34	14	2.34	71	2.34	1
2.41	3	2.41	8	2.41	5	2.41	96	2.41	9	2.41	41	2.41	0
2.48	6	2.48	8	2.48	6	2.48	73	2.48	5	2.48	43	2.48	5
2.54	4	2.54	7	2.54	11	2.54	61	2.54	3	2.54	29	2.54	6
2.61	7	2.61	8	2.61	3	2.61	55	2.61	9	2.61	39	2.61	9
2.68	12	2.68	15	2.68	12	2.68	69	2.68	12	2.68	33	2.68	7
2.74	11	2.74	9	2.74	3	2.74	39	2.74	11	2.74	35	2.74	11
2.81	4	2.81	11	2.81	6	2.81	55	2.81	13	2.81	27	2.81	11
2.88	6	2.88	13	2.88	14	2.88	31	2.88	14	2.88	32	2.88	12
2.94	11	2.94	23	2.94	10	2.94	32	2.94	11	2.94	34	2.94	9
3.01	8	3.01	21	3.01	3	3.01	23	3.01	11	3.01	45	3.01	9
3.08	3	3.08	24	3.08	6	3.08	19	3.08	11	3.08	40	3.08	1
3.14	7	3.14	17	3.14	9	3.14	20	3.14	11	3.14	54	3.14	10
3.21	12	3.21	16	3.21	4	3.21	13	3.21	10	3.21	64	3.21	4
3.28	6	3.28	34	3.28	7	3.28	18	3.28	8	3.28	67	3.28	0
3.34	4	3.34	21	3.34	4	3.34	13	3.34	12	3.34	69	3.34	4
3.41	6	3.41	35	3.41	6	3.41	13	3.41	13	3.41	70	3.41	2
3.48	5	3.48	33	3.48	5	3.48	12	3.48	7	3.48	89	3.48	0
3.54	9	3.54	30	3.54	6	3.54	15	3.54	12	3.54	95	3.54	2
3.61	13	3.61	44	3.61	4	3.61	17	3.61	8	3.61	76	3.61	0
3.68	12	3.68	38	3.68	7	3.68	9	3.68	10	3.68	78	3.68	3
3.74	10	3.74	36	3.74	5	3.74	14	3.74	13	3.74	73	3.74	0
3.81	11	3.81	42	3.81	7	3.81	10	3.81	5	3.81	82	3.81	2
3.88	8	3.88	46	3.88	4	3.88	9	3.88	8	3.88	75	3.88	0
3.94	10	3.94	39	3.94	4	3.94	15	3.94	10	3.94	72	3.94	1
4.01	7	4.01	39	4.01	3	4.01	14	4.01	12	4.01	90	4.01	0
4.08	10	4.08	45	4.08	4	4.08	15	4.08	8	4.08	88	4.08	1
4.14	11	4.14	32	4.14	8	4.14	17	4.14	8	4.14	88	4.14	2
4.21	7	4.21	20	4.21	6	4.21	10	4.21	12	4.21	94	4.21	1
4.28	11	4.28	26	4.28	8	4.28	20	4.28	12	4.28	100	4.28	1
4.34	12	4.34	11	4.34	11	4.34	13	4.34	14	4.34	82	4.34	0
4.41	19	4.41	23	4.41	1	4.41	12	4.41	19	4.41	83	4.41	2
4.48	10	4.48	9	4.48	7	4.48	15	4.48	10	4.48	75	4.48	1
4.54	12	4.54	18	4.54	4	4.54	11	4.54	10	4.54	68	4.54	0
4.61	15	4.61	7	4.61	6	4.61	16	4.61	12	4.61	52	4.61	1
4.68	17	4.68	14	4.68	6	4.68	17	4.68	17	4.68	52	4.68	2
4.74	9	4.74	17	4.74	4	4.74	17	4.74	11	4.74	50	4.74	4
4.81	14	4.81	9	4.81	8	4.81	22	4.81	11	4.81	45	4.81	0
4.88	15	4.88	22	4.88	3	4.88	15	4.88	10	4.88	50	4.88	2
4.94	18	4.94	16	4.94	7	4.94	12	4.94	12	4.94	30	4.94	1
5.01	11	5.01	18	5.01	7	5.01	23	5.01	9	5.01	23	5.01	2
5.07	15	5.07	20	5.07	6	5.07	23	5.07	9	5.07	29	5.07	0
5.14	19	5.14	25	5.14	7	5.14	26	5.14	11	5.14	34	5.14	0
5.21	21	5.21	13	5.21	6	5.21	18	5.21	16	5.21	22	5.21	1
5.27	15	5.27	13	5.27	4	5.27	21	5.27	19	5.27	23	5.27	0
5.34	27	5.34	17	5.34	8	5.34	18	5.34	16	5.34	28	5.34	3
5.41	14	5.41	7	5.41	8	5.41	17	5.41	8	5.41	29	5.41	0
5.47	16	5.47	11	5.47	3	5.47	21	5.47	11	5.47	20	5.47	2
5.54	27	5.54	6	5.54	6	5.54	19	5.54	20	5.54	23	5.54	1
5.61	29	5.61	10	5.61	10	5.61	20	5.61	14	5.61	22	5.61	0
5.67	46	5.67	5	5.67	5	5.67	9	5.67	17	5.67	21	5.67	0
5.74	58	5.74	4	5.74	2	5.74	14	5.74	17	5.74	28	5.74	1
5.81	125	5.81	5	5.81	6	5.81	23	5.81	23	5.81	32	5.81	3
5.87	205	5.87	5	5.87	7	5.87	18	5.87	16	5.87	33	5.87	0
5.94	283	5.94	6	5.94	10	5.94	21	5.94	20	5.94	30	5.94	0
6.01	410	6.01	6	6.01	9	6.01	24	6.01	22	6.01	31	6.01	4
6.07	583	6.07	9	6.07	12	6.07	21	6.07	27	6.07	19	6.07	1
6.14	743	6.14	6	6.14	16	6.14	22	6.14	27	6.14	24	6.14	3
6.21	965	6.21	8	6.21	15	6.21	21	6.21	19	6.21	33	6.21	2
6.27	1058	6.27	9	6.27	22	6.27	23	6.27	25	6.27	19	6.27	0
6.34	1180	6.34	4	6.34	12	6.34	34	6.34	25	6.34	22	6.34	3
6.41	1305	6.41	8	6.41	13	6.41	19	6.41	31	6.41	38	6.41	2
6.47	1257	6.47	14	6.47	16	6.47	31	6.47	25	6.47	29	6.47	3
6.54	1147	6.54	16	6.54	9	6.54	23	6.54	20	6.54	27	6.54	3
6.61	949	6.61	7	6.61	21	6.61	32	6.61	28	6.61	36	6.61	2
6.67	697	6.67	11	6.67	11	6.67	24	6.67	26	6.67	50	6.67	5
6.74	447	6.74	9	6.74	7	6.74	28	6.74	24	6.74	65	6.74	1
6.81	325	6.81	3	6.81	10	6.81	23	6.81	24	6.81	99	6.81	2
6.87	257	6.87	8	6.87	11	6.87	24	6.87	21	6.87	150	6.87	5
6.94	222	6.94	6	6.94	13	6.94	30	6.94	29	6.94	258	6.94	5
7.01	216	7.01	11	7.01	10	7.01	36	7.01	27	7.01	369	7.01	1
7.07	224	7.07	5	7.07	7	7.07	32	7.07	24	7.07	544	7.07	3
7.14	216	7.14	8	7.14	10	7.14	30	7.14	35	7.14	761	7.14	2
7.21	173	7.21	8	7.21	10	7.21	24	7.21	47	7.21	959	7.21	5
7.27	150	7.27	9	7.27	14	7.27	31	7.27	53	7.27	1136	7.27	2
7.34	104	7.34	6	7.34	2	7.34	29	7.34	84	7.34	1368	7.34	3
7.41	57	7.41	4	7.41	15	7.41	35	7.41	102	7.41	1668	7.41	4
7.47	43	7.47	8	7.47	7	7.47	42	7.47	203	7.47	1731	7.47	3
7.54	18	7.54	6	7.54	6	7.54	35	7.54	348	7.54	1749	7.54	1
7.61	16	7.61	8	7.61	10	7.61	37	7.61	501	7.61	1666	7.61	1
7.67	9	7.67	4	7.67	10	7.67	44	7.67	664	7.67	1394	7.67	2
7.74	1	7.74	4	7.74	2	7.74	47	7.74	985	7.74	1030	7.74	4
7.80	2	7.80	6	7.80	8	7.80	47	7.80	1194	7.80	734	7.80	0
7.87	0	7.87	7	7.87	7	7.87	74	7.87	1410	7.87	511	7.87	0
7.94	2	7.94	7	7.94	6	7.94	78	7.94	1759	7.94	354	7.94	0
8.00	4	8.00	7	8.00	4	8.00	136	8.00	2017	8.00	269	8.00	1
8.07	2	8.07	4	8.07	7	8.07	224	8.07	1973	8.07	269	8.07	0
8.14	2	8.14	6	8.14	5	8.14	377	8.14	2042	8.14	218	8.14	0
8.20	1	8.20	4	8.20	7	8.20	518	8.20	1883	8.20	272	8.20	1
8.27	3	8.27	5	8.27	11	8.27	739	8.27	1460	8.27	256	8.27	4
8.34	0	8.34	3	8.34	7	8.34	1002	8.34	1099	8.34	249	8.34	1
8.40	2	8.40	7	8.40	5	8.40	1252	8.40	713	8.40	231	8.40	3
8.47	1	8.47	7	8.47	7	8.47	1558	8.47	493	8.47	197	8.47	3
8.54	0	8.54	2	8.54	7	8.54	1775	8.54	282	8.54	151	8.54	1
8.60	0	8.60	6	8.60	6	8.60	1959	8.60	242	8.60	106	8.60	2
8.67	0	8.67	7	8.67	6	8.67	2073	8.67	218	8.67	64	8.67	2
8.74	0	8.74	5	8.74	3	8.74	2147	8.74	241	8.74	43	8.74	1
8.80	0	8.80	3	8.80	18	8.80	1860	8.80	264	8.80	26	8.80	2
8.87	2	8.87	3	8.87	3	8.87	1576	8.87	286	8.87	21	8.87	1
8.94	0	8.94	6	8.94	4	8.94	1185	8.94	297	8.94	15	8.94	2
9.00	0	9.00	6	9.00	10	9.00	801	9.00	304	9.00	7	9.00	1
9.07	0	9.07	7	9.07	4	9.07	567	9.07	266	9.07	7	9.07	0
9.14	1	9.14	9	9.14	15	9.14	329	9.14	243	9.14	8	9.14	2
9.20	1	9.20	5	9.20	16	9.20	263	9.20	155	9.20	6	9.20	5
9.27	0	9.27	15	9.27	21	9.27	236	9.27	118	9.27	10	9.27	2
9.34	2	9.34	14	9.34	21	9.34	255	9.34	65	9.34	6	9.34	8
9.40	0	9.40	15	9.40	17	9.40	284	9.40	47	9.40	4	9.40	4
9.47	1	9.47	14	9.47	19	9.47	296	9.47	21	9.47	3	9.47	5
9.54	1	9.54	16	9.54	35	9.54	355	9.54	12	9.54	9	9.54	6
9.60	1	9.60	27	9.60	37	9.60	418	9.60	5	9.60	4	9.60	6
9.67	0	9.67	30	9.67	39	9.67	403	9.67	3	9.67	6	9.67	8
9.74	1	9.74	21	9.74	32	9.74	376	9.74	6	9.74	5	9.74	13
9.80	4	9.80	19	9.80	33	9.80	309	9.80	5	9.80	3	9.80	7
9.87	1	9.87	27	9.87	39	9.87	265	9.87	1	9.87	5	9.87	6
9.94	2	9.94	21	9.94	28	9.94	220	9.94	4	9.94	3	9.94	6
10.00	1	10.00	10	10.00	25	10.00	193	10.00	1	10.00	2	10.00	6
10.07	2	10.07	9	10.07	18	10.07	135	10.07	2	10.07	3	10.07	6
10.14	1	10.14	5	10.14	11	10.14	105	10.14	3	10.14	0	10.14	1
10.20	1	10.20	2	10.20	9	10.20	78	10.20	1	10.20	3	10.20	4
10.27	3	10.27	4	10.27	11	10.27	68	10.27	2	10.27	0	10.27	2
10.34	1	10.34	6	10.34	8	10.34	46	10.34	0	10.34	6	10.34	2
10.40	2	10.40	5	10.40	5	10.40	42	10.40	2	10.40	0	10.40	2
10.47	0	10.47	7	10.47	6	10.47	28	10.47	2	10.47	0	10.47	1
10.54	1	10.54	2	10.54	6	10.54	28	10.54	0	10.54	0	10.54	0
10.60	1	10.60	6	10.60	5	10.60	27	10.60	0	10.60	3	10.60	1
10.67	1	10.67	8	10.67	11	10.67	30	10.67	0	10.67	1	10.67	1
10.73	0	10.73	3	10.73	6	10.73	28	10.73	1	10.73	1	10.73	0
10.80	0	10.80	1	10.80	6	10.80	28	10.80	2	10.80	2	10.80	0
10.87	1	10.87	9	10.87	13	10.87	33	10.87	1	10.87	3	10.87	1
10.93	1	10.93	7	10.93	9	10.93	20	10.93	0	10.93	1	10.93	4
11.00	0	11.00	7	11.00	13	11.00	22	11.00	2	11.00	1	11.00	2
11.07	0	11.07	11	11.07	10	11.07	25	11.07	0	11.07	2	11.07	3
11.13	1	11.13	6	11.13	13	11.13	15	11.13	0	11.13	3	11.13	4
11.20	0	11.20	13	11.20	22	11.20	12	11.20	0	11.20	2	11.20	3
11.27	0	11.27	25	11.27	24	11.27	13	11.27	0	11.27	7	11.27	8
11.33	2	11.33	27	11.33	22	11.33	15	11.33	0	11.33	0	11.33	7
11.40	0	11.40	18	11.40	25	11.40	10	11.40	1	11.40	4	11.40	8
11.47	1	11.47	15	11.47	31	11.47	9	11.47	1	11.47	1	11.47	6
11.53	2	11.53	22	11.53	29	11.53	12	11.53	0	11.53	3	11.53	9
11.60	2	11.60	15	11.60	30	11.60	10	11.60	0	11.60	3	11.60	6
11.67	0	11.67	12	11.67	43	11.67	11	11.67	1	11.67	4	11.67	2
11.73	1	11.73	28	11.73	19	11.73	8	11.73	2	11.73	3	11.73	4
11.80	0	11.80	12	11.80	32	11.80	9	11.80	3	11.80	1	11.80	4
11.87	0	11.87	10	11.87	16	11.87	15	11.87	1	11.87	3	11.87	3
11.93	0	11.93	7	11.93	10	11.93	15	11.93	2	11.93	4	11.93	2
12.00	1	12.00	6	12.00	5	12.00	16	12.00	0	12.00	0	12.00	4
12.07	0	12.07	2	12.07	5	12.07	23	12.07	2	12.07	2	12.07	3
12.13	1	12.13	10	12.13	8	12.13	20	12.13	5	12.13	3	12.13	1
12.20	0	12.20	0	12.20	8	12.20	34	12.20	4	12.20	2	12.20	0
12.27	0	12.27	5	12.27	6	12.27	32	12.27	5	12.27	5	12.27	4
12.33	1	12.33	1	12.33	5	12.33	50	12.33	3	12.33	3	12.33	1
12.40	0	12.40	2	12.40	7	12.40	38	12.40	3	12.40	0	12.40	3
12.47	0	12.47	2	12.47	5	12.47	55	12.47	11	12.47	1	12.47	3
12.53	0	12.53	0	12.53	3	12.53	61	12.53	2	12.53	2	12.53	2
12.60	0	12.60	1	12.60	7	12.60	88	12.60	0	12.60	0	12.60	3
12.67	0	12.67	3	12.67	6	12.67	73	12.67	3	12.67	1	12.67	1
12.73	1	12.73	1	12.73	9	12.73	101	12.73	4	12.73	3	12.73	1
12.80	1	12.80	5	12.80	8	12.80	85	12.80	1	12.80	1	12.80	0
12.87	0	12.87	3	12.87	10	12.87	72	12.87	2	12.87	2	12.87	1
12.93	0	12.93	3	12.93	11	12.93	84	12.93	3	12.93	0	12.93	3
13.00	0	13.00	4	13.00	10	13.00	70	13.00	3	13.00	2	13.00	3
13.07	0	13.07	4	13.07	9	13.07	86	13.07	2	13.07	1	13.07	1
13.13	3	13.13	6	13.13	9	13.13	61	13.13	2	13.13	1	13.13	2
13.20	0	13.20	3	13.20	8	13.20	65	13.20	3	13.20	1	13.20	2
13.27	0	13.27	8	13.27	8	13.27	40	13.27	1	13.27	0	13.27	2
13.33	0	13.33	6	13.33	10	13.33	30	13.33	2	13.33	0	13.33	5
13.40	1	13.40	8	13.40	10	13.40	30	13.40	0	13.40	2	13.40	0
13.46	0	13.46	7	13.46	13	13.46	16	13.46	2	13.46	0	13.46	4
13.53	0	13.53	10	13.53	14	13.53	17	13.53	0	13.53	0	13.53	1
13.60	1	13.60	3	13.60	8	13.60	8	13.60	2	13.60	0	13.60	1
13.66	1	13.66	4	13.66	15	13.66	7	13.66	0	13.66	0	13.66	4
13.73	0	13.73	4	13.73	13	13.73	5	13.73	2	13.73	1	13.73	3
13.80	1	13.80	7	13.80	14	13.80	4	13.80	1	13.80	0	13.80	0
13.86	0	13.86	2	13.86	15	13.86	2	13.86	1	13.86	1	13.86	2
13.93	2	13.93	4	13.93	10	13.93	8	13.93	0	13.93	2	13.93	1
14.00	0	14.00	7	14.00	11	14.00	1	14.00	2	14.00	0	14.00	1
14.06	0	14.06	7	14.06	9	14.06	1	14.06	1	14.06	2	14.06	0
14.13	1	14.13	7	14.13	22	14.13	5	14.13	0	14.13	0	14.13	1
14.20	1	14.20	3	14.20	11	14.20	8	14.20	2	14.20	0	14.20	0
14.26	1	14.26	2	14.26	10	14.26	3	14.26	1	14.26	0	14.26	2
14.33	0	14.33	3	14.33	17	14.33	3	14.33	1	14.33	1	14.33	2
14.40	1	14.40	5	14.40	17	14.40	6	14.40	1	14.40	2	14.40	1
14.46	1	14.46	3	14.46	11	14.46	4	14.46	0	14.46	3	14.46	0
14.53	0	14.53	4	14.53	17	14.53	3	14.53	2	14.53	1	14.53	2
14.60	0	14.60	4	14.60	20	14.60	3	14.60	0	14.60	2	14.60	1
14.66	0	14.66	6	14.66	15	14.66	1	14.66	1	14.66	2	14.66	1
14.73	0	14.73	5	14.73	21	14.73	5	14.73	0	14.73	3	14.73	1
14.80	0	14.80	6	14.80	30	14.80	3	14.80	0	14.80	1	14.80	2
14.86	0	14.86	4	14.86	18	14.86	2	14.86	0	14.86	0	14.86	1
14.93	0	14.93	5	14.93	42	14.93	1	14.93	2	14.93	1	14.93	0
15.00	0	15.00	3	15.00	33	15.00	0	15.00	2	15.00	2	15.00	1
15.06	0	15.06	4	15.06	67	15.06	1	15.06	1	15.06	0	15.06	4
15.13	1	15.13	3	15.13	68	15.13	1	15.13	0	15.13	1	15.13	2
15.20	0	15.20	6	15.20	100	15.20	1	15.20	0	15.20	0	15.20	1
15.26	0	15.26	4	15.26	131	15.26	0	15.26	1	15.26	3	15.26	2
15.33	0	15.33	7	15.33	186	15.33	1	15.33	1	15.33	1	15.33	0
15.40	0	15.40	5	15.40	264	15.40	2	15.40	0	15.40	2	15.40	3
15.46	0	15.46	3	15.46	325	15.46	1	15.46	2	15.46	0	15.46	5
15.53	0	15.53	6	15.53	408	15.53	2	15.53	1	15.53	2	15.53	4
15.60	1	15.60	13	15.60	490	15.60	0	15.60	1	15.60	1	15.60	2
15.66	0	15.66	9	15.66	625	15.66	2	15.66	0	15.66	0	15.66	4
15.73	2	15.73	6	15.73	690	15.73	2	15.73	0	15.73	0	15.73	0
15.80	1	15.80	8	15.80	710	15.80	1	15.80	0	15.80	0	15.80	2
15.86	1	15.86	8	15.86	736	15.86	1	15.86	2	15.86	2	15.86	2
15.93	0	15.93	9	15.93	686	15.93	3	15.93	0	15.93	1	15.93	2
16.00	1	16.00	7	16.00	615	16.00	0	16.00	2	16.00	1	16.00	2
16.06	1	16.06	7	16.06	489	16.06	1	16.06	1	16.06	0	16.06	3
16.13	0	16.13	11	16.13	314	16.13	0	16.13	2	16.13	1	16.13	4
16.19	0	16.19	10	16.19	217	16.19	3	16.19	1	16.19	0	16.19	4
16.26	1	16.26	13	16.26	130	16.26	2	16.26	0	16.26	0	16.26	0
16.33	0	16.33	14	16.33	88	16.33	3	16.33	1	16.33	1	16.33	3
16.39	0	16.39	13	16.39	37	16.39	0	16.39	1	16.39	0	16.39	1
16.46	1	16.46	14	16.46	27	16.46	1	16.46	0	16.46	1	16.46	0
16.53	2	16.53	14	16.53	14	16.53	0	16.53	1	16.53	0	16.53	1
16.59	2	16.59	23	16.59	13	16.59	1	16.59	0	16.59	2	16.59	3
16.66	2	16.66	25	16.66	10	16.66	3	16.66	3	16.66	2	16.66	1
16.73	0	16.73	28	16.73	4	16.73	3	16.73	0	16.73	1	16.73	4
16.79	0	16.79	61	16.79	14	16.79	0	16.79	3	16.79	1	16.79	6
16.86	1	16.86	66	16.86	13	16.86	3	16.86	0	16.86	0	16.86	3
16.93	0	16.93	84	16.93	12	16.93	3	16.93	2	16.93	0	16.93	2
16.99	3	16.99	104	16.99	21	16.99	4	16.99	2	16.99	0	16.99	4
17.06	1	17.06	163	17.06	22	17.06	2	17.06	2	17.06	0	17.06	1
17.13	1	17.13	194	17.13	26	17.13	2	17.13	2	17.13	0	17.13	4
17.19	1	17.19	225	17.19	32	17.19	2	17.19	2	17.19	0	17.19	9
17.26	2	17.26	314	17.26	42	17.26	2	17.26	5	17.26	0	17.26	7
17.33	1	17.33	296	17.33	45	17.33	5	17.33	1	17.33	2	17.33	5
17.39	0	17.39	388	17.39	59	17.39	2	17.39	2	17.39	0	17.39	8
17.46	0	17.46	377	17.46	76	17.46	4	17.46	3	17.46	4	17.46	13
17.53	2	17.53	420	17.53	87	17.53	0	17.53	1	17.53	1	17.53	7
17.59	1	17.59	407	17.59	99	17.59	1	17.59	3	17.59	0	17.59	11
17.66	0	17.66	385	17.66	110	17.66	1	17.66	3	17.66	2	17.66	6
17.73	2	17.73	292	17.73	114	17.73	1	17.73	4	17.73	2	17.73	11
17.79	0	17.79	209	17.79	107	17.79	3	17.79	0	17.79	0	17.79	5
17.86	1	17.86	147	17.86	84	17.86	2	17.86	0	17.86	0	17.86	4
17.93	1	17.93	92	17.93	81	17.93	2	17.93	1	17.93	0	17.93	3
17.99	0	17.99	46	17.99	69	17.99	1	17.99	1	17.99	1	17.99	3
18.06	0	18.06	21	18.06	50	18.06	3	18.06	0	18.06	0	18.06	2
18.13	0	18.13	21	18.13	29	18.13	0	18.13	1	18.13	0	18.13	7
18.19	0	18.19	7	18.19	22	18.19	0	18.19	1	18.19	2	18.19	6
18.26	2	18.26	5	18.26	11	18.26	1	18.26	0	18.26	0	18.26	2
18.33	0	18.33	5	18.33	10	18.33	0	18.33	1	18.33	1	18.33	0
18.39	0	18.39	3	18.39	6	18.39	2	18.39	0	18.39	0	18.39	1
18.46	0	18.46	2	18.46	2	18.46	1	18.46	0	18.46	0	18.46	1
18.53	0	18.53	4	18.53	3	18.53	3	18.53	3	18.53	1	18.53	2
18.59	1	18.59	7	18.59	1	18.59	0	18.59	0	18.59	0	18.59	1
18.66	0	18.66	2	18.66	0	18.66	1	18.66	0	18.66	0	18.66	2
18.73	1	18.73	2	18.73	1	18.73	1	18.73	0	18.73	1	18.73	3
18.79	3	18.79	8	18.79	0	18.79	2	18.79	0	18.79	0	18.79	2
18.86	1	18.86	13	18.86	0	18.86	2	18.86	1	18.86	0	18.86	3
18.92	0	18.92	7	18.92	1	18.92	2	18.92	0	18.92	0	18.92	4
18.99	0	18.99	10	18.99	1	18.99	0	18.99	0	18.99	2	18.99	4
19.06	0	19.06	7	19.06	2	19.06	1	19.06	0	19.06	0	19.06	0
19.12	0	19.12	15	19.12	0	19.12	1	19.12	0	19.12	0	19.12	2
19.19	0	19.19	30	19.19	2	19.19	1	19.19	0	19.19	0	19.19	1
19.26	1	19.26	30	19.26	1	19.26	2	19.26	0	19.26	0	19.26	3
19.32	0	19.32	37	19.32	0	19.32	0	19.32	1	19.32	0	19.32	4
19.39	0	19.39	42	19.39	0	19.39	2	19.39	1	19.39	1	19.39	1
19.46	0	19.46	34	19.46	0	19.46	0	19.46	1	19.46	1	19.46	2
19.52	1	19.52	58	19.52	0	19.52	2	19.52	1	19.52	1	19.52	4
19.59	2	19.59	69	19.59	1	19.59	1	19.59	1	19.59	1	19.59	5
19.66	0	19.66	55	19.66	2	19.66	3	19.66	0	19.66	0	19.66	4
19.72	1	19.72	66	19.72	2	19.72	0	19.72	1	19.72	1	19.72	1
19.79	1	19.79	47	19.79	1	19.79	0	19.79	0	19.79	0	19.79	5
19.86	1	19.86	35	19.86	3	19.86	1	19.86	0	19.86	0	19.86	5
19.92	2	19.92	33	19.92	0	19.92	0	19.92	0	19.92	0	19.92	7
19.99	0	19.99	21	19.99	0	19.99	1	19.99	1	19.99	0	19.99	3
20.06	1	20.06	17	20.06	0	20.06	1	20.06	0	20.06	1	20.06	5
20.12	0	20.12	13	20.12	0	20.12	2	20.12	0	20.12	0	20.12	2
20.19	0	20.19	12	20.19	1	20.19	1	20.19	1	20.19	0	20.19	5
20.26	0	20.26	3	20.26	1	20.26	1	20.26	2	20.26	0	20.26	3
20.32	0	20.32	0	20.32	0	20.32	1	20.32	0	20.32	0	20.32	1
20.39	2	20.39	3	20.39	0	20.39	1	20.39	1	20.39	0	20.39	3
20.46	1	20.46	1	20.46	0	20.46	1	20.46	0	20.46	0	20.46	2
20.52	0	20.52	2	20.52	0	20.52	0	20.52	1	20.52	0	20.52	1
20.59	0	20.59	0	20.59	0	20.59	0	20.59	0	20.59	1	20.59	7
20.66	0	20.66	0	20.66	0	20.66	0	20.66	0	20.66	1	20.66	2
20.72	0	20.72	0	20.72	0	20.72	0	20.72	0	20.72	0	20.72	4
20.79	0	20.79	0	20.79	0	20.79	2	20.79	1	20.79	0	20.79	4
20.86	0	20.86	1	20.86	0	20.86	2	20.86	0	20.86	0	20.86	5
20.92	1	20.92	0	20.92	1	20.92	1	20.92	0	20.92	0	20.92	8
20.99	0	20.99	0	20.99	0	20.99	2	20.99	0	20.99	0	20.99	6
21.06	0	21.06	0	21.06	0	21.06	3	21.06	1	21.06	1	21.06	10
21.12	0	21.12	0	21.12	1	21.12	3	21.12	0	21.12	2	21.12	8
21.19	0	21.19	0	21.19	1	21.19	3	21.19	0	21.19	0	21.19	13
21.26	0	21.26	0	21.26	0	21.26	3	21.26	0	21.26	0	21.26	10
21.32	1	21.32	0	21.32	0	21.32	2	21.32	0	21.32	0	21.32	12
21.39	0	21.39	0	21.39	0	21.39	3	21.39	0	21.39	0	21.39	25
21.46	0	21.46	0	21.46	2	21.46	3	21.46	2	21.46	0	21.46	29
21.52	0	21.52	0	21.52	0	21.52	4	21.52	0	21.52	0	21.52	34
21.59	2	21.59	0	21.59	0	21.59	1	21.59	0	21.59	0	21.59	39
21.65	0	21.65	0	21.65	0	21.65	2	21.65	0	21.65	0	21.65	49
21.72	0	21.72	0	21.72	2	21.72	5	21.72	0	21.72	0	21.72	74
21.79	1	21.79	0	21.79	0	21.79	4	21.79	0	21.79	0	21.79	75
21.85	2	21.85	1	21.85	0	21.85	6	21.85	0	21.85	0	21.85	83
21.92	2	21.92	0	21.92	0	21.92	12	21.92	0	21.92	0	21.92	96
21.99	0	21.99	0	21.99	0	21.99	8	21.99	0	21.99	0	21.99	81
22.05	0	22.05	0	22.05	0	22.05	10	22.05	1	22.05	0	22.05	106
22.12	0	22.12	0	22.12	0	22.12	13	22.12	0	22.12	0	22.12	91
22.19	0	22.19	1	22.19	0	22.19	11	22.19	0	22.19	1	22.19	67
22.25	0	22.25	0	22.25	0	22.25	10	22.25	0	22.25	0	22.25	70
22.32	1	22.32	0	22.32	0	22.32	9	22.32	1	22.32	0	22.32	45
22.39	1	22.39	0	22.39	0	22.39	7	22.39	0	22.39	0	22.39	25
22.45	0	22.45	0	22.45	0	22.45	8	22.45	0	22.45	0	22.45	18
22.52	1	22.52	0	22.52	0	22.52	9	22.52	0	22.52	1	22.52	9
22.59	0	22.59	0	22.59	0	22.59	5	22.59	1	22.59	0	22.59	3
22.65	0	22.65	1	22.65	0	22.65	7	22.65	0	22.65	0	22.65	1
22.72	2	22.72	0	22.72	0	22.72	11	22.72	0	22.72	0	22.72	1
22.79	0	22.79	0	22.79	0	22.79	4	22.79	0	22.79	0	22.79	0
22.85	0	22.85	0	22.85	0	22.85	6	22.85	1	22.85	0	22.85	0
22.92	0	22.92	2	22.92	0	22.92	3	22.92	0	22.92	0	22.92	4
22.99	0	22.99	0	22.99	0	22.99	5	22.99	0	22.99	0	22.99	2
23.05	0	23.05	0	23.05	1	23.05	2	23.05	1	23.05	1	23.05	1
23.12	1	23.12	0	23.12	0	23.12	2	23.12	0	23.12	0	23.12	2
23.19	0	23.19	0	23.19	1	23.19	0	23.19	1	23.19	0	23.19	0
23.25	0	23.25	0	23.25	0	23.25	0	23.25	0	23.25	0	23.25	0
23.32	0	23.32	0	23.32	0	23.32	1	23.32	0	23.32	2	23.32	0
23.39	0	23.39	0	23.39	0	23.39	2	23.39	0	23.39	0	23.39	3
23.45	0	23.45	0	23.45	1	23.45	2	23.45	1	23.45	0	23.45	0
23.52	0	23.52	0	23.52	0	23.52	0	23.52	0	23.52	0	23.52	3
23.59	1	23.59	0	23.59	1	23.59	3	23.59	0	23.59	0	23.59	0
23.65	0	23.65	0	23.65	0	23.65	0	23.65	1	23.65	0	23.65	0
23.72	0	23.72	0	23.72	2	23.72	0	23.72	0	23.72	0	23.72	1
23.79	0	23.79	0	23.79	2	23.79	2	23.79	0	23.79	0	23.79	2
23.85	1	23.85	0	23.85	0	23.85	0	23.85	0	23.85	1	23.85	0
23.92	0	23.92	1	23.92	1	23.92	2	23.92	0	23.92	1	23.92	3
23.99	0	23.99	1	23.99	0	23.99	0	23.99	0	23.99	0	23.99	1
24.05	0	24.05	1	24.05	2	24.05	1	24.05	0	24.05	0	24.05	4
24.12	0	24.12	0	24.12	1	24.12	0	24.12	0	24.12	1	24.12	7
24.19	0	24.19	0	24.19	1	24.19	0	24.19	0	24.19	0	24.19	4
24.25	0	24.25	1	24.25	1	24.25	0	24.25	0	24.25	1	24.25	3
24.32	0	24.32	0	24.32	0	24.32	0	24.32	1	24.32	0	24.32	4
24.39	2	24.39	0	24.39	0	24.39	0	24.39	1	24.39	1	24.39	7
24.45	2	24.45	0	24.45	0	24.45	1	24.45	0	24.45	1	24.45	13
24.52	0	24.52	0	24.52	0	24.52	0	24.52	0	24.52	0	24.52	14
24.58	0	24.58	1	24.58	0	24.58	0	24.58	0	24.58	0	24.58	13
24.65	1	24.65	0	24.65	1	24.65	1	24.65	1	24.65	0	24.65	13
24.72	0	24.72	0	24.72	0	24.72	0	24.72	0	24.72	0	24.72	14
24.78	0	24.78	0	24.78	0	24.78	0	24.78	0	24.78	0	24.78	11
24.85	0	24.85	0	24.85	0	24.85	0	24.85	0	24.85	0	24.85	11
24.92	0	24.92	0	24.92	0	24.92	0	24.92	0	24.92	0	24.92	9
24.98	0	24.98	0	24.98	0	24.98	1	24.98	1	24.98	0	24.98	6
25.05	0	25.05	0	25.05	0	25.05	0	25.05	0	25.05	1	25.05	4
25.12	0	25.12	0	25.12	0	25.12	0	25.12	0	25.12	0	25.12	4
25.18	1	25.18	0	25.18	0	25.18	0	25.18	0	25.18	0	25.18	4
25.25	1	25.25	0	25.25	1	25.25	1	25.25	0	25.25	0	25.25	2
25.32	0	25.32	0	25.32	0	25.32	0	25.32	0	25.32	0	25.32	2
25.38	0	25.38	0	25.38	0	25.38	0	25.38	0	25.38	0	25.38	1
25.45	0	25.45	0	25.45	0	25.45	0	25.45	1	25.45	1	25.45	1
25.52	0	25.52	0	25.52	0	25.52	1	25.52	3	25.52	0	25.52	1
25.58	1	25.58	0	25.58	0	25.58	0	25.58	0	25.58	0	25.58	0
25.65	0	25.65	0	25.65	0	25.65	0	25.65	0	25.65	0	25.65	0
25.72	0	25.72	0	25.72	0	25.72	0	25.72	0	25.72	0	25.72	0
25.78	0	25.78	0	25.78	0	25.78	0	25.78	0	25.78	1	25.78	0
25.85	0	25.85	0	25.85	1	25.85	0	25.85	0	25.85	0	25.85	0
25.92	2	25.92	1	25.92	1	25.92	0	25.92	0	25.92	0	25.92	0
25.98	0	25.98	0	25.98	0	25.98	0	25.98	0	25.98	0	25.98	0
26.05	0	26.05	0	26.05	0	26.05	0	26.05	0	26.05	0	26.05	0
26.12	0	26.12	0	26.12	0	26.12	1	26.12	0	26.12	0	26.12	0
26.18	0	26.18	0	26.18	0	26.18	0	26.18	0	26.18	0	26.18	0
26.25	0	26.25	1	26.25	0	26.25	0	26.25	0	26.25	0	26.25	0
26.32	0	26.32	0	26.32	0	26.32	0	26.32	0	26.32	1	26.32	0
26.38	0	26.38	0	26.38	0	26.38	0	26.38	0	26.38	0	26.38	0
26.45	0	26.45	0	26.45	0	26.45	1	26.45	1	26.45	0	26.45	0
26.52	0	26.52	1	26.52	0	26.52	0	26.52	0	26.52	0	26.52	0
26.58	0	26.58	0	26.58	1	26.58	0	26.58	0	26.58	0	26.58	0
26.65	0	26.65	0	26.65	0	26.65	0	26.65	0	26.65	0	26.65	0
26.72	0	26.72	0	26.72	1	26.72	0	26.72	1	26.72	0	26.72	0
26.78	0	26.78	0	26.78	0	26.78	0	26.78	0	26.78	0	26.78	0
26.85	0	26.85	0	26.85	0	26.85	0	26.85	0	26.85	1	26.85	0
26.92	0	26.92	0	26.92	0	26.92	0	26.92	0	26.92	0	26.92	0
26.98	0	26.98	0	26.98	0	26.98	0	26.98	0	26.98	0	26.98	0
27.05	0	27.05	0	27.05	0	27.05	0	27.05	0	27.05	1	27.05	0
27.12	0	27.12	0	27.12	0	27.12	0	27.12	0	27.12	0	27.12	0
27.18	0	27.18	0	27.18	0	27.18	0	27.18	0	27.18	0	27.18	0
27.25	0	27.25	0	27.25	0	27.25	2	27.25	0	27.25	0	27.25	1
27.31	1	27.31	0	27.31	0	27.31	1	27.31	0	27.31	0	27.31	0
27.38	0	27.38	0	27.38	0	27.38	0	27.38	0	27.38	0	27.38	0
27.45	0	27.45	0	27.45	0	27.45	0	27.45	0	27.45	0	27.45	0
27.51	0	27.51	0	27.51	0	27.51	1	27.51	0	27.51	0	27.51	0
27.58	1	27.58	0	27.58	0	27.58	0	27.58	0	27.58	0	27.58	0
27.65	0	27.65	0	27.65	0	27.65	0	27.65	0	27.65	0	27.65	0
27.71	0	27.71	1	27.71	0	27.71	0	27.71	0	27.71	0	27.71	0
27.78	0	27.78	0	27.78	0	27.78	0	27.78	0	27.78	0	27.78	1
27.85	0	27.85	0	27.85	0	27.85	0	27.85	0	27.85	0	27.85	0
27.91	1	27.91	0	27.91	0	27.91	0	27.91	0	27.91	0	27.91	0
27.98	1	27.98	0	27.98	0	27.98	0	27.98	0	27.98	0	27.98	0
28.05	0	28.05	0	28.05	0	28.05	0	28.05	0	28.05	0	28.05	0
28.11	0	28.11	0	28.11	0	28.11	1	28.11	0	28.11	0	28.11	0
28.18	1	28.18	0	28.18	0	28.18	0	28.18	0	28.18	0	28.18	0
28.25	0	28.25	0	28.25	0	28.25	0	28.25	0	28.25	0	28.25	0
28.31	1	28.31	0	28.31	0	28.31	0	28.31	0	28.31	0	28.31	0
28.38	0	28.38	0	28.38	0	28.38	0	28.38	0	28.38	0	28.38	0
28.45	1	28.45	0	28.45	0	28.45	0	28.45	0	28.45	0	28.45	0
28.51	1	28.51	0	28.51	0	28.51	0	28.51	0	28.51	0	28.51	0
28.58	0	28.58	0	28.58	0	28.58	0	28.58	0	28.58	0	28.58	0
28.65	0	28.65	0	28.65	0	28.65	0	28.65	0	28.65	0	28.65	0
28.71	0	28.71	0	28.71	0	28.71	0	28.71	0	28.71	0	28.71	0
28.78	0	28.78	0	28.78	0	28.78	0	28.78	0	28.78	0	28.78	0
28.85	0	28.85	0	28.85	0	28.85	1	28.85	0	28.85	0	28.85	0
28.91	0	28.91	0	28.91	0	28.91	0	28.91	0	28.91	0	28.91	0
28.98	0	28.98	0	28.98	0	28.98	0	28.98	0	28.98	0	28.98	0
29.05	0	29.05	0	29.05	0	29.05	0	29.05	0	29.05	0	29.05	0
29.11	0	29.11	0	29.11	0	29.11	0	29.11	0	29.11	0	29.11	0
29.18	0	29.18	0	29.18	0	29.18	0	29.18	0	29.18	0	29.18	1
29.25	0	29.25	0	29.25	0	29.25	0	29.25	0	29.25	0	29.25	0
29.31	0	29.31	0	29.31	0	29.31	0	29.31	0	29.31	0	29.31	0
29.38	0	29.38	0	29.38	0	29.38	0	29.38	0	29.38	0	29.38	0
29.45	1	29.45	0	29.45	0	29.45	0	29.45	0	29.45	0	29.45	0
29.51	0	29.51	0	29.51	0	29.51	0	29.51	0	29.51	0	29.51	0
29.58	0	29.58	0	29.58	0	29.58	1	29.58	0	29.58	0	29.58	0
29.65	0	29.65	0	29.65	0	29.65	0	29.65	0	29.65	0	29.65	0
29.71	1	29.71	0	29.71	0	29.71	1	29.71	0	29.71	0	29.71	0
29.78	0	29.78	0	29.78	0	29.78	0	29.78	0	29.78	0	29.78	0
29.85	0	29.85	2	29.85	0	29.85	0	29.85	0	29.85	0	29.85	0
29.91	0	29.91	0	29.91	0	29.91	0	29.91	0	29.91	0	29.91	0
29.98	0	29.98	0	29.98	0	29.98	0	29.98	0	29.98	0	29.98	0
30.04	0	30.04	0	30.04	0	30.04	0	30.04	0	30.04	0	30.04	0
30.11	0	30.11	0	30.11	0	30.11	0	30.11	0	30.11	0	30.11	0
30.18	0	30.18	0	30.18	0	30.18	0	30.18	0	30.18	0	30.18	0
30.24	0	30.24	0	30.24	0	30.24	0	30.24	1	30.24	0	30.24	0
30.31	0	30.31	0	30.31	0	30.31	0	30.31	0	30.31	0	30.31	1
30.38	0	30.38	0	30.38	0	30.38	0	30.38	0	30.38	0	30.38	0
30.44	0	30.44	0	30.44	0	30.44	0	30.44	0	30.44	0	30.44	0
30.51	0	30.51	0	30.51	0	30.51	0	30.51	0	30.51	1	30.51	0
30.58	0	30.58	0	30.58	0	30.58	0	30.58	0	30.58	0	30.58	0
30.64	0	30.64	0	30.64	0	30.64	0	30.64	0	30.64	0	30.64	0
30.71	0	30.71	0	30.71	0	30.71	0	30.71	0	30.71	0	30.71	0
30.78	0	30.78	0	30.78	0	30.78	0	30.78	0	30.78	1	30.78	0
30.84	0	30.84	1	30.84	0	30.84	0	30.84	0	30.84	0	30.84	0
30.91	0	30.91	0	30.91	0	30.91	0	30.91	0	30.91	0	30.91	0
30.98	0	30.98	0	30.98	0	30.98	0	30.98	0	30.98	0	30.98	0
31.04	0	31.04	0	31.04	0	31.04	0	31.04	0	31.04	0	31.04	0
31.11	0	31.11	1	31.11	0	31.11	0	31.11	0	31.11	0	31.11	0
31.18	0	31.18	0	31.18	0	31.18	0	31.18	0	31.18	0	31.18	0
31.24	0	31.24	0	31.24	0	31.24	0	31.24	0	31.24	0	31.24	0
31.31	0	31.31	1	31.31	0	31.31	0	31.31	0	31.31	0	31.31	0
31.38	0	31.38	0	31.38	0	31.38	0	31.38	0	31.38	0	31.38	0
31.44	0	31.44	0	31.44	0	31.44	0	31.44	0	31.44	0	31.44	0
31.51	0	31.51	0	31.51	0	31.51	0	31.51	0	31.51	0	31.51	0
31.58	0	31.58	0	31.58	0	31.58	0	31.58	0	31.58	0	31.58	0
31.64	0	31.64	0	31.64	0	31.64	0	31.64	0	31.64	0	31.64	0
31.71	0	31.71	0	31.71	0	31.71	0	31.71	0	31.71	0	31.71	0
31.78	0	31.78	0	31.78	0	31.78	0	31.78	0	31.78	0	31.78	0
31.84	0	31.84	0	31.84	0	31.84	0	31.84	0	31.84	0	31.84	0
31.91	0	31.91	0	31.91	0	31.91	0	31.91	0	31.91	0	31.91	0
31.98	0	31.98	0	31.98	0	31.98	0	31.98	0	31.98	0	31.98	0
32.04	0	32.04	0	32.04	0	32.04	0	32.04	0	32.04	0	32.04	0
32.11	0	32.11	0	32.11	0	32.11	0	32.11	0	32.11	0	32.11	0
32.18	0	32.18	0	32.18	0	32.18	0	32.18	0	32.18	0	32.18	1
32.24	0	32.24	0	32.24	0	32.24	0	32.24	0	32.24	0	32.24	0
32.31	0	32.31	0	32.31	0	32.31	0	32.31	0	32.31	0	32.31	0
32.38	0	32.38	0	32.38	0	32.38	0	32.38	0	32.38	0	32.38	0
32.44	0	32.44	0	32.44	0	32.44	0	32.44	0	32.44	0	32.44	0
32.51	0	32.51	0	32.51	0	32.51	0	32.51	0	32.51	0	32.51	0
32.58	0	32.58	0	32.58	0	32.58	0	32.58	0	32.58	0	32.58	0
32.64	0	32.64	0	32.64	0	32.64	0	32.64	0	32.64	0	32.64	0
32.71	0	32.71	0	32.71	0	32.71	0	32.71	0	32.71	0	32.71	0
32.77	0	32.77	0	32.77	0	32.77	0	32.77	0	32.77	0	32.77	0
32.84	0	32.84	0	32.84	0	32.84	0	32.84	0	32.84	0	32.84	0
32.91	0	32.91	0	32.91	0	32.91	0	32.91	0	32.91	0	32.91	0
32.97	0	32.97	0	32.97	0	32.97	0	32.97	0	32.97	0	32.97	0
33.04	6	33.04	5	33.04	8	33.04	8	33.04	8	33.04	9	33.04	8
